Chr	Start	End	Min_P	Min_Pos	N_Gene	#target	#overlap	Ratio_target_overlap	Ratio_neg_g_overlap	P_grp	P_les
1	3108474	3184741	2.70728e-12	3174741	154	154	15	9.74025974025974	0.46139649338665	0.915	0.057
1	5158430	5788693	1.42164e-11	5194999	1743	1743	137	7.86001147446931	4.21408797293141	1.001	0.001
1	6205086	6395646	9.38373e-12	6385635	837	837	107	12.7837514934289	3.2912949861581	0.743	0.229
1	6513657	6570848	4.14671e-12	6528195	471	471	31	6.58174097664544	0.953552752999077	1.001	0.001
1	6809915	7085516	7.29759e-14	6824431	1836	1836	106	5.77342047930283	3.26053521993233	1.001	0.001
1	7379257	7729275	3.95951e-13	7414338	602	602	47	7.80730897009967	1.4457090126115	1.001	0.001
1	7932515	8059887	5.62822e-12	8022075	370	370	11	2.97297297297297	0.338357428483543	1.001	0.001
1	8268263	8342584	6.96973e-11	8315998	340	340	19	5.58823529411765	0.584435558289757	1.001	0.001
1	8473243	8504466	1.99126e-12	8494322	274	274	21	7.66423357664234	0.64595509074131	0.997	0.003
1	9437690	9517552	6.25297e-09	9489905	103	103	12	11.6504854368932	0.36911719470932	0.677	0.216
1	12164153	12194088	3.82572e-10	12176604	111	111	5	4.5045045045045	0.153798831128883	1.001	0.001
1	13117476	13211012	1.61088e-09	13181940	104	104	4	3.84615384615385	0.123039064903107	1.001	0.001
1	15493893	15609016	7.84611e-11	15514329	127	127	13	10.2362204724409	0.399876960935097	0.841	0.109
1	16392706	16488032	1.80869e-13	16412358	313	313	14	4.47284345047923	0.430636727160874	1.001	0.001
1	16623020	16645918	1.62212e-10	16633538	130	130	12	9.23076923076923	0.36911719470932	0.912	0.059
1	16803885	16976345	3.6473e-10	16916303	374	374	10	2.67379679144385	0.307597662257767	1.001	0.001
1	17273233	17330805	4.56484e-13	17319810	132	132	8	6.06060606060606	0.246078129806213	0.997	0.002
1	27572809	27609415	1.98102e-14	27599415	199	199	2	1.00502512562814	0.0615195324515534	1.001	0.001
1	54310795	54456716	3.85493e-10	54410212	287	287	22	7.66550522648084	0.676714856967087	1	0.001
1	55003463	55271318	6.59005e-12	55033758	232	232	71	30.6034482758621	2.18394340203014	0.001	1.001
1	57381542	57404240	1.29151e-16	57391542	126	126	0	0	0	1.001	0.001
1	67369724	67453129	9.17241e-11	67442631	205	205	26	12.6829268292683	0.799753921870194	0.592	0.335
1	111601426	111659306	1.38568e-12	111620748	148	148	2	1.35135135135135	0.0615195324515534	1.001	0.001
1	130519809	130653537	1.29731e-08	130607900	108	108	10	9.25925925925926	0.307597662257767	0.901	0.054
1	131133007	131175285	5.05665e-11	131143007	127	127	12	9.4488188976378	0.36911719470932	0.929	0.041
1	158384706	158459304	7.42364e-11	158430974	145	145	1	0.689655172413793	0.0307597662257767	1.001	0.001
1	172131461	172197153	9.69905e-11	172141461	262	262	18	6.87022900763359	0.55367579206398	0.999	0.002
1	219675293	219724831	3.47353e-09	219698043	183	183	18	9.83606557377049	0.55367579206398	0.928	0.036
1	232327484	232422782	1.00251e-08	232395325	134	134	8	5.97014925373134	0.246078129806213	0.998	0.001
1	233426110	233486506	6.61048e-11	233459376	142	142	12	8.45070422535211	0.36911719470932	0.956	0.026
1	233716463	233760185	1.07259e-09	233730199	211	211	10	4.739336492891	0.307597662257767	1.001	0.001
1	246377873	246686361	1.61603e-46	246655256	445	445	16	3.59550561797753	0.492156259612427	1.001	0.001
1	246837384	246894523	4.29591e-13	246884523	173	173	47	27.1676300578035	1.4457090126115	0.001	1.001
1	263046064	263100019	4.01802e-13	263064280	251	251	19	7.56972111553785	0.584435558289757	0.998	0.003
1	263557555	263637520	1.69115e-11	263567555	302	302	38	12.5827814569536	1.16887111657951	0.661	0.283
1	263805830	263857131	1.06772e-12	263830720	176	176	10	5.68181818181818	0.307597662257767	1	0.001
1	264204958	264258137	1.51543e-09	264238627	189	189	12	6.34920634920635	0.36911719470932	0.996	0.004
1	264423345	264474855	4.06339e-09	264461570	127	127	2	1.5748031496063	0.0615195324515534	1.001	0.001
1	267888325	268025056	5.37651e-12	267900353	227	227	21	9.2511013215859	0.64595509074131	0.978	0.018
1	270419782	270560193	3.43321e-11	270429782	342	342	8	2.33918128654971	0.246078129806213	1.001	0.001
1	270721796	270942358	2.11275e-11	270816325	138	138	13	9.42028985507246	0.399876960935097	0.886	0.068
1	271473269	271525408	1.33696e-11	271507220	182	182	4	2.1978021978022	0.123039064903107	1.001	0.001
1	272961360	273112828	1.08895e-13	272993541	293	293	25	8.53242320819113	0.768994155644417	0.993	0.006
1	273324261	273431961	1.1976e-11	273382489	299	299	31	10.3678929765886	0.953552752999077	0.948	0.034
1	273789193	274255003	1.21859e-10	273957817	633	633	28	4.42338072669826	0.861273454321747	1.001	0.001
1	274550015	274580469	1.23465e-09	274566180	161	161	3	1.86335403726708	0.09227929867733	1.001	0.001
1	274922842	274968118	2.4285e-10	274940299	115	115	0	0	0	1.001	0.001
1	275240727	275311997	4.50319e-09	275265227	109	109	6	5.5045871559633	0.18455859735466	0.999	0.002
1	275697093	275752654	6.59112e-13	275712995	111	111	16	14.4144144144144	0.492156259612427	0.378	0.513
1	276205092	276238512	7.41604e-11	276227336	227	227	23	10.1321585903084	0.707474623192864	0.944	0.034
1	277046482	277071355	6.30437e-12	277056482	103	103	15	14.5631067961165	0.46139649338665	0.343	0.546
1	277181951	277235626	4.82063e-09	277199352	155	155	18	11.6129032258065	0.55367579206398	0.764	0.183
1	277345752	277742885	2.87478e-12	277564815	661	661	51	7.71558245083207	1.56874807751461	1.001	0.001
1	277988028	278121208	1.69437e-11	278034897	125	125	17	13.6	0.522916025838204	0.503	0.395
1	278236710	278256710	1.27459e-11	278246710	250	250	1	0.4	0.0307597662257767	1.001	0.001
1	278789654	279043030	4.84516e-12	278853622	716	716	53	7.40223463687151	1.63026760996616	1.001	0.001
1	279265103	279395319	7.43677e-11	279293455	103	103	6	5.8252427184466	0.18455859735466	0.991	0.006
1	279549456	279627469	6.87311e-10	279591331	115	115	10	8.69565217391304	0.307597662257767	0.941	0.033
1	280057303	280095794	1.54757e-11	280067303	106	106	5	4.71698113207547	0.153798831128883	0.995	0.002
1	283378741	283466674	1.06787e-13	283423517	335	335	44	13.134328358209	1.35342971393417	0.472	0.451
1	283937345	284105054	5.34467e-12	284084528	436	436	46	10.5504587155963	1.41494924638573	0.966	0.026
1	295575328	295641399	2.04131e-10	295609401	108	108	4	3.7037037037037	0.123039064903107	1.001	0.001
1	297400691	297461182	9.87865e-10	297438020	323	323	45	13.9318885448916	1.38418948015995	0.457	0.483
1	299416201	299546964	7.72379e-12	299426201	285	285	18	6.31578947368421	0.55367579206398	1	0.002
1	300124389	300162891	4.59952e-13	300134389	254	254	20	7.8740157480315	0.615195324515534	0.995	0.004
1	300594300	300669432	7.43323e-10	300609599	176	176	15	8.52272727272727	0.46139649338665	0.979	0.011
1	300913669	300981138	4.53707e-12	300943699	348	348	19	5.45977011494253	0.584435558289757	1.001	0.001
1	301277263	301398544	1.56445e-13	301376427	323	323	39	12.0743034055728	1.19963088280529	0.669	0.278
1	301713731	301779671	3.03483e-11	301728041	118	118	8	6.77966101694915	0.246078129806213	0.978	0.01
1	302076201	302158800	2.34825e-10	302145928	146	146	10	6.84931506849315	0.307597662257767	0.984	0.007
1	304903030	305034183	7.43793e-18	304961307	176	176	38	21.5909090909091	1.16887111657951	0.002	0.999
1	305553753	305611682	1.12817e-10	305563753	102	102	6	5.88235294117647	0.18455859735466	0.994	0.004
2	1325042	1350584	2.40161e-14	1335168	379	379	37	9.76253298153034	1.13811135035374	0.982	0.013
2	1535167	1651009	5.80993e-14	1548124	644	644	60	9.3167701863354	1.8455859735466	1.001	0.001
2	1903238	1980689	4.78013e-13	1946578	140	140	3	2.14285714285714	0.09227929867733	1.001	0.001
2	2307558	2358128	2.08399e-10	2347536	106	106	9	8.49056603773585	0.27683789603199	0.911	0.05
2	2800975	2824519	6.65189e-13	2811285	113	113	3	2.65486725663717	0.09227929867733	1.001	0.001
2	3051454	3137014	1.18858e-09	3107866	236	236	7	2.96610169491525	0.215318363580437	1.001	0.001
2	3257552	3375280	1.60333e-10	3311060	173	173	2	1.15606936416185	0.0615195324515534	1.001	0.001
2	3533915	3644570	2.03352e-12	3594597	594	594	6	1.01010101010101	0.18455859735466	1.001	0.001
2	3923523	4087382	3.8403e-12	3933523	711	711	36	5.06329113924051	1.10735158412796	1.001	0.001
2	4217484	4308427	3.44139e-12	4227826	306	306	5	1.63398692810458	0.153798831128883	1.001	0.001
2	4422732	4564139	3.2854e-15	4466680	564	564	12	2.12765957446809	0.36911719470932	1.001	0.001
2	9761277	9811879	3.496e-12	9797226	121	121	2	1.65289256198347	0.0615195324515534	1.001	0.001
2	10702689	10805805	4.60428e-12	10764779	163	163	2	1.22699386503067	0.0615195324515534	1.001	0.001
2	27135729	27168538	4.35502e-12	27147354	110	110	2	1.81818181818182	0.0615195324515534	1.001	0.001
2	27290539	27458993	1.24999e-15	27313524	298	298	5	1.67785234899329	0.153798831128883	1.001	0.001
2	49793230	49871916	5.04065e-10	49804122	203	203	56	27.5862068965517	1.72254690864349	0.001	1.001
2	61457701	61652559	5.60704e-10	61612411	160	160	17	10.625	0.522916025838204	0.793	0.147
2	71658377	71785415	5.3861e-14	71750197	162	162	15	9.25925925925926	0.46139649338665	0.943	0.03
2	109697373	109721488	2.21486e-12	109711488	261	261	59	22.6053639846743	1.81482620732082	0.001	1.001
2	111327553	111395248	1.73732e-10	111373732	156	156	31	19.8717948717949	0.953552752999077	0.018	0.973
2	112037540	112124843	1.76524e-09	112071588	113	113	25	22.1238938053097	0.768994155644417	0.009	0.991
2	112646534	112732731	8.83589e-10	112679344	107	107	16	14.9532710280374	0.492156259612427	0.269	0.623
2	168616454	168648729	2.10607e-10	168628634	328	328	2	0.609756097560976	0.0615195324515534	1.001	0.001
2	168954660	169031286	2.4214e-09	168969026	222	222	3	1.35135135135135	0.09227929867733	1.001	0.001
2	195271533	195332457	2.20762e-13	195302126	123	123	0	0	0	1.001	0.001
2	204141538	204235950	2.96421e-10	204224815	282	282	50	17.7304964539007	1.53798831128883	0.02	0.974
2	208474386	208587009	1.18088e-14	208499671	555	555	25	4.5045045045045	0.768994155644417	1.001	0.001
2	208699401	208967548	3.15158e-14	208876496	1013	1013	61	6.02171767028628	1.87634573977238	1.001	0.001
2	209197131	209402002	5.51921e-11	209337161	434	434	19	4.3778801843318	0.584435558289757	1.001	0.001
2	209553105	209580536	7.65077e-12	209563105	253	253	45	17.7865612648221	1.38418948015995	0.03	0.961
2	210151383	210204307	1.28397e-12	210179474	409	409	24	5.8679706601467	0.73823438941864	1.001	0.001
2	211138627	211225620	4.26634e-10	211149240	151	151	2	1.32450331125828	0.0615195324515534	1.001	0.001
2	211330404	211481725	3.90302e-13	211471725	1221	1221	13	1.06470106470106	0.399876960935097	1.001	0.001
2	211610736	211632611	1.37243e-12	211620987	109	109	1	0.91743119266055	0.0307597662257767	1.001	0.001
2	212731277	212831333	1.54044e-12	212774105	577	577	5	0.866551126516464	0.153798831128883	1.001	0.001
2	224661478	225161208	1.99021e-15	224815043	1301	1301	89	6.84089162182936	2.73761919409412	1.001	0.001
2	227385252	227608879	1.22688e-12	227451978	138	138	13	9.42028985507246	0.399876960935097	0.787	0.136
2	228230031	228336858	2.09719e-11	228307093	172	172	24	13.953488372093	0.73823438941864	0.381	0.542
2	228614209	228744921	3.94139e-15	228637605	635	635	59	9.29133858267716	1.81482620732082	0.999	0.003
2	229184560	229286385	1.04364e-10	229261429	109	109	12	11.0091743119266	0.36911719470932	0.681	0.219
2	229696164	230377737	7.53913e-17	229782523	2290	2290	161	7.03056768558952	4.95232236235005	1.001	0.001
2	230621721	230877884	1.95387e-13	230795209	1315	1315	84	6.38783269961977	2.58382036296524	1.001	0.001
2	231289882	231311881	2.82335e-14	231300574	266	266	62	23.3082706766917	1.90710550599815	0.001	1.001
2	233718830	233765723	2.26268e-13	233755723	185	185	1	0.540540540540541	0.0307597662257767	1.001	0.001
2	234454527	234501106	8.02473e-11	234483323	100	100	2	2	0.0615195324515534	1.001	0.001
2	234998828	235057236	5.91649e-13	235008828	507	507	15	2.9585798816568	0.46139649338665	1.001	0.001
2	235338518	235447975	7.50262e-11	235437474	409	409	7	1.71149144254279	0.215318363580437	1.001	0.001
2	235825695	235911755	3.17012e-13	235866458	130	130	4	3.07692307692308	0.123039064903107	1.001	0.001
2	236016326	236282371	5.9633e-17	236204424	658	658	9	1.3677811550152	0.27683789603199	1.001	0.001
2	236815045	236891951	2.67146e-11	236860879	375	375	16	4.26666666666667	0.492156259612427	1.001	0.001
2	237016274	237111085	3.43419e-13	237051718	330	330	15	4.54545454545455	0.46139649338665	1.001	0.001
2	237538673	237581148	4.43107e-11	237556125	101	101	7	6.93069306930693	0.215318363580437	0.966	0.014
2	238088571	238163559	2.11473e-09	238098571	110	110	10	9.09090909090909	0.307597662257767	0.892	0.056
2	238891644	239023823	2.54543e-15	238986612	536	536	67	12.5	2.06090433712704	0.791	0.173
2	239453374	239490372	1.1512e-11	239479686	513	513	12	2.33918128654971	0.36911719470932	1.001	0.001
3	792159	893574	1.84427e-09	806561	174	174	6	3.44827586206897	0.18455859735466	1.001	0.001
3	2336364	2371521	2.40563e-09	2359458	142	142	9	6.33802816901408	0.27683789603199	0.998	0.002
3	2929222	2995982	3.67086e-09	2945156	120	120	5	4.16666666666667	0.153798831128883	1	0.001
3	3163596	3489885	5.6451e-12	3184864	608	608	31	5.09868421052632	0.953552752999077	1.001	0.001
3	6285977	6314813	4.80378e-11	6300248	199	199	9	4.52261306532663	0.27683789603199	1.001	0.001
3	7179251	7201629	2.81411e-10	7191629	161	161	2	1.24223602484472	0.0615195324515534	1.001	0.001
3	16336647	16477572	7.84981e-10	16467381	190	190	30	15.7894736842105	0.922792986773301	0.208	0.746
3	25330156	25448940	1.4137e-08	25370648	115	115	5	4.34782608695652	0.153798831128883	1	0.001
3	28472660	28557668	6.55814e-10	28536671	126	126	9	7.14285714285714	0.27683789603199	0.923	0.04
3	31610187	31636290	3.9852e-11	31626283	110	110	2	1.81818181818182	0.0615195324515534	1.001	0.001
3	33630970	33690414	6.60276e-13	33642728	509	509	25	4.91159135559921	0.768994155644417	1.001	0.001
3	52893251	52977750	3.4965e-14	52903277	280	280	9	3.21428571428571	0.27683789603199	1.001	0.001
3	53761046	53952783	3.78996e-11	53929088	301	301	19	6.31229235880399	0.584435558289757	1.001	0.001
3	58556577	58726796	3.79501e-09	58651015	110	110	1	0.909090909090909	0.0307597662257767	1.001	0.001
3	102769396	102951890	5.74064e-13	102920294	396	396	65	16.4141414141414	1.99938480467548	0.037	0.955
3	113642256	113764542	6.79995e-10	113719558	121	121	24	19.8347107438017	0.73823438941864	0.017	0.972
3	114756099	114795624	3.51956e-14	114766099	101	101	3	2.97029702970297	0.09227929867733	1.001	0.001
3	119601719	119842446	2.61347e-13	119674458	544	544	2	0.367647058823529	0.0615195324515534	1.001	0.001
3	123719362	123801765	1.17127e-19	123769353	230	230	1	0.434782608695652	0.0307597662257767	1.001	0.001
3	123974259	124146852	1.95885e-11	124128419	340	340	19	5.58823529411765	0.584435558289757	1.001	0.001
3	128358634	128420659	1.24884e-14	128394903	108	108	8	7.40740740740741	0.246078129806213	0.853	0.086
3	129123970	129223478	4.73101e-45	129169513	696	696	14	2.01149425287356	0.430636727160874	1.001	0.001
3	129632488	129695318	1.12618e-17	129678351	462	462	15	3.24675324675325	0.46139649338665	1.001	0.001
3	131573805	131779123	3.37847e-11	131749371	545	545	46	8.44036697247706	1.41494924638573	1.001	0.001
3	135481996	135568353	1.75014e-13	135499201	877	877	52	5.92930444697834	1.59950784374039	1.001	0.001
3	137040569	137219691	2.67493e-11	137114081	391	391	11	2.81329923273657	0.338357428483543	1.001	0.001
3	140867143	140914999	4.62665e-16	140895286	100	100	1	1	0.0307597662257767	1.001	0.001
3	143741313	143813344	7.52942e-13	143794088	315	315	37	11.7460317460317	1.13811135035374	0.756	0.191
3	148069978	148090188	7.56089e-11	148079978	157	157	1	0.636942675159236	0.0307597662257767	1.001	0.001
3	155176642	155239372	1.90783e-10	155192360	104	104	2	1.92307692307692	0.0615195324515534	1.001	0.001
3	157872828	157939876	2.83238e-09	157928690	125	125	15	12	0.46139649338665	0.671	0.234
3	164241710	164379107	4.90205e-12	164253105	121	121	9	7.43801652892562	0.27683789603199	0.98	0.009
3	175536527	175650620	1.92747e-08	175555433	104	104	62	59.6153846153846	1.90710550599815	0.001	1.001
3	177544774	177787193	3.17236e-11	177632873	182	182	18	9.89010989010989	0.55367579206398	0.816	0.113
3	178052789	178158491	5.1777e-12	178109431	231	231	15	6.49350649350649	0.46139649338665	1.001	0.001
3	180251314	180435611	1.33447e-10	180423525	128	128	4	3.125	0.123039064903107	1.001	0.001
3	180720685	180758768	1.94681e-12	180746106	116	116	2	1.72413793103448	0.0615195324515534	1.001	0.001
3	181333513	181408961	3.12396e-12	181396050	250	250	2	0.8	0.0615195324515534	1.001	0.001
3	186061147	186081147	1.35574e-09	186071147	109	109	6	5.5045871559633	0.18455859735466	0.993	0.002
3	186424408	186597806	6.8787e-10	186531490	422	422	62	14.6919431279621	1.90710550599815	0.219	0.743
3	193411482	193432183	1.89654e-09	193422096	103	103	33	32.0388349514563	1.01507228545063	0.001	1.001
3	202386570	202413151	1.82043e-09	202396624	217	217	12	5.52995391705069	0.36911719470932	1.001	0.001
3	203788992	203811679	3.71588e-09	203801679	122	122	4	3.27868852459016	0.123039064903107	1.001	0.001
3	222052324	222116426	1.67423e-12	222079227	174	174	3	1.72413793103448	0.09227929867733	1.001	0.001
3	230944366	231047951	7.98101e-13	230958951	257	257	5	1.94552529182879	0.153798831128883	1.001	0.001
3	232637909	232763186	0	232726847	257	257	16	6.22568093385214	0.492156259612427	1	0.001
3	233135482	233159467	2.35642e-09	233149191	172	172	7	4.06976744186047	0.215318363580437	1.001	0.001
4	875085	934919	1.58654e-11	909628	183	183	9	4.91803278688525	0.27683789603199	1.001	0.001
4	1437233	1542942	3.89325e-14	1513710	521	521	16	3.07101727447217	0.492156259612427	1.001	0.001
4	5006950	5045938	6.22388e-14	5027814	633	633	12	1.8957345971564	0.36911719470932	1.001	0.001
4	5733401	5771613	5.95092e-17	5756279	198	198	2	1.01010101010101	0.0615195324515534	1.001	0.001
4	5997958	6041463	3.5787e-10	6028609	115	115	2	1.73913043478261	0.0615195324515534	1.001	0.001
4	7788466	7889730	8.05074e-20	7816173	968	968	35	3.61570247933884	1.07659181790218	1.001	0.001
4	11569182	11772496	8.23438e-16	11757739	504	504	23	4.56349206349206	0.707474623192864	1.001	0.001
4	12922886	13108026	6.19663e-16	13009071	747	747	22	2.94511378848728	0.676714856967087	1.001	0.001
4	17239004	17545541	6.67285e-11	17470195	542	542	21	3.87453874538745	0.64595509074131	1.001	0.001
4	17726745	17795638	2.34955e-13	17783813	234	234	4	1.70940170940171	0.123039064903107	1.001	0.001
4	18933733	18980259	1.9379e-12	18957081	149	149	3	2.01342281879195	0.09227929867733	1.001	0.001
4	19148069	19195209	7.44953e-15	19174210	403	403	2	0.496277915632754	0.0615195324515534	1.001	0.001
4	29916225	30124112	3.68433e-11	30059632	263	263	38	14.4486692015209	1.16887111657951	0.325	0.622
4	30488862	30564659	1.93152e-09	30512311	147	147	9	6.12244897959184	0.27683789603199	0.999	0.002
4	30845449	30887674	2.26738e-12	30856951	223	223	12	5.38116591928251	0.36911719470932	1.001	0.001
4	31150823	31281485	1.42781e-10	31204386	170	170	12	7.05882352941176	0.36911719470932	0.998	0.002
4	32659739	32716037	2.21012e-10	32696201	355	355	34	9.57746478873239	1.04583205167641	0.997	0.003
4	34674487	34849167	5.1234e-16	34787342	747	747	46	6.15796519410977	1.41494924638573	1.001	0.001
4	38427140	38461651	1.68514e-12	38451651	171	171	35	20.4678362573099	1.07659181790218	0.009	0.99
4	38562077	38588840	1.64293e-12	38576234	429	429	122	28.4382284382284	3.75269147954476	0.001	1.001
4	39974655	40009597	3.32452e-15	39990857	292	292	3	1.02739726027397	0.09227929867733	1.001	0.001
4	44107845	44131797	8.91301e-122	44118522	184	184	0	0	0	1.001	0.001
4	51875555	51928990	6.9214e-09	51888036	298	298	26	8.7248322147651	0.799753921870194	0.996	0.004
4	52868824	52944844	9.02421e-10	52897575	253	253	27	10.6719367588933	0.83051368809597	0.928	0.052
4	54878789	55008619	1.6235e-17	54992042	456	456	24	5.26315789473684	0.73823438941864	1.001	0.001
4	74231783	74257151	7.16096e-13	74244482	116	116	6	5.17241379310345	0.18455859735466	1	0.001
4	92860836	92984599	0	92870836	592	592	11	1.85810810810811	0.338357428483543	1.001	0.001
4	123414777	123453679	5.72214e-12	123443679	120	120	2	1.66666666666667	0.0615195324515534	1.001	0.001
4	123909554	123949335	1.48211e-10	123919554	114	114	3	2.63157894736842	0.09227929867733	1.001	0.001
4	126321816	126562006	1.3417e-14	126385303	418	418	50	11.9617224880383	1.53798831128883	0.759	0.199
4	126927507	127183917	4.48708e-11	127128611	365	365	36	9.86301369863014	1.10735158412796	0.936	0.047
4	135046172	135116364	1.59135e-10	135073588	109	109	7	6.42201834862385	0.215318363580437	0.981	0.011
4	136229352	136419005	1.72526e-16	136245550	427	427	35	8.19672131147541	1.07659181790218	0.995	0.004
4	136749576	136885782	7.07526e-19	136774289	335	335	30	8.95522388059701	0.922792986773301	0.993	0.004
4	146602349	146625517	2.87549e-18	146614303	141	141	15	10.6382978723404	0.46139649338665	0.852	0.092
4	149384188	149509310	1.66141e-10	149499310	151	151	11	7.28476821192053	0.338357428483543	0.987	0.006
4	154180109	154282385	7.4884e-13	154253873	149	149	10	6.71140939597315	0.307597662257767	0.989	0.004
4	159894436	159953011	2.03839e-10	159917802	182	182	7	3.84615384615385	0.215318363580437	1.001	0.001
4	177012021	177137829	7.66518e-10	177127829	132	132	9	6.81818181818182	0.27683789603199	0.998	0.001
4	177621144	177787674	2.73579e-12	177746241	237	237	25	10.5485232067511	0.768994155644417	0.89	0.085
4	178616781	178769038	1.90013e-09	178663722	104	104	10	9.61538461538461	0.307597662257767	0.858	0.083
4	179201304	179385669	8.26593e-11	179368805	100	100	6	6	0.18455859735466	0.992	0.002
4	179665237	179785748	6.542e-12	179688896	342	342	7	2.04678362573099	0.215318363580437	1.001	0.001
4	190401871	190425877	4.71363e-10	190413773	140	140	3	2.14285714285714	0.09227929867733	1.001	0.001
4	196267642	196707064	6.32909e-11	196378185	543	543	133	24.4935543278085	4.0910489080283	0.001	1.001
4	197778127	197885144	3.00184e-10	197849065	172	172	44	25.5813953488372	1.35342971393417	0.001	1.001
4	198606258	198633492	6.94775e-19	198620796	123	123	2	1.6260162601626	0.0615195324515534	1.001	0.001
4	199234683	199439927	5.07797e-10	199364162	289	289	76	26.2975778546713	2.33774223315903	0.001	1.001
4	199692555	199842337	7.00195e-12	199799480	457	457	69	15.0984682713348	2.12242386957859	0.161	0.802
4	200023620	200436976	8.91466e-11	200075411	662	662	165	24.9244712990937	5.07536142725315	0.001	1.001
4	214454771	214504355	2.73173e-09	214488195	168	168	17	10.1190476190476	0.522916025838204	0.907	0.062
4	215713849	215855370	2.20566e-13	215777558	908	908	104	11.4537444933921	3.19901568748078	0.989	0.012
4	235548974	235626955	3.04217e-10	235578518	120	120	70	58.3333333333333	2.15318363580437	0.001	1.001
4	241430551	241469046	3.99396e-12	241440551	151	151	2	1.32450331125828	0.0615195324515534	1.001	0.001
5	3592352	3656320	2.26511e-10	3606169	169	169	36	21.301775147929	1.10735158412796	0.006	0.994
5	4078296	4131418	1.0297e-18	4098347	402	402	46	11.4427860696517	1.41494924638573	0.886	0.08
5	7105415	7223170	4.04193e-11	7131058	298	298	12	4.02684563758389	0.36911719470932	1.001	0.001
5	7500169	7570071	3.4427e-13	7541300	684	684	36	5.26315789473684	1.10735158412796	1.001	0.001
5	8842466	8918241	2.17425e-17	8874455	351	351	2	0.56980056980057	0.0615195324515534	1.001	0.001
5	9941494	10186078	1.91852e-13	10175971	533	533	9	1.68855534709193	0.27683789603199	1.001	0.001
5	10676377	10752169	8.22059e-12	10741782	183	183	7	3.82513661202186	0.215318363580437	1.001	0.001
5	20521681	20625111	2.77744e-10	20563859	243	243	25	10.2880658436214	0.768994155644417	0.941	0.039
5	24977811	25119981	2.30658e-11	25043327	578	578	31	5.36332179930796	0.953552752999077	1.001	0.001
5	25424781	25724689	2.48512e-13	25598803	1999	1999	95	4.75237618809405	2.92217779144879	1.001	0.001
5	31416764	31455154	5.44533e-12	31445154	241	241	20	8.29875518672199	0.615195324515534	0.996	0.003
5	31825300	31855179	9.45069e-12	31835300	141	141	26	18.4397163120567	0.799753921870194	0.056	0.917
5	50566200	50678356	2.29204e-14	50638678	214	214	21	9.81308411214953	0.64595509074131	0.965	0.024
5	55207402	55290670	2.33453e-10	55246691	225	225	32	14.2222222222222	0.984312519224854	0.411	0.518
5	92325443	92346272	1.86815e-16	92335443	103	103	2	1.94174757281553	0.0615195324515534	1.001	0.001
5	96699749	96764950	4.84789e-12	96717361	106	106	8	7.54716981132075	0.246078129806213	0.951	0.025
5	96994970	97393943	1.31216e-13	97072524	395	395	23	5.82278481012658	0.707474623192864	1.001	0.001
5	147277901	147506110	2.19402e-10	147475695	486	486	32	6.5843621399177	0.984312519224854	1.001	0.001
5	150661015	150780998	2.97978e-16	150756652	210	210	57	27.1428571428571	1.75330667486927	0.001	1.001
5	156127251	156157502	5.22232e-10	156137296	103	103	2	1.94174757281553	0.0615195324515534	1.001	0.001
5	162415089	162467584	3.98192e-15	162427466	269	269	5	1.85873605947955	0.153798831128883	1.001	0.001
5	167676793	167708150	2.22371e-10	167695547	102	102	0	0	0	1.001	0.001
5	207720289	207762573	3.85255e-09	207748487	137	137	20	14.5985401459854	0.615195324515534	0.266	0.637
5	218851823	218920264	1.81243e-12	218883904	263	263	25	9.50570342205323	0.768994155644417	0.975	0.016
6	15841829	15865279	4.68379e-11	15854501	313	313	2	0.638977635782748	0.0615195324515534	1.001	0.001
6	33445010	33471037	1.92587e-10	33461037	108	108	48	44.4444444444444	1.47646877883728	0.001	1.001
6	35649313	35761877	8.71498e-09	35702209	148	148	6	4.05405405405405	0.18455859735466	1.001	0.001
6	66255582	66306877	1.64527e-10	66282598	194	194	1	0.515463917525773	0.0307597662257767	1.001	0.001
6	66566612	66639541	6.15242e-14	66617047	297	297	3	1.01010101010101	0.09227929867733	1.001	0.001
6	69512744	69661065	6.16619e-16	69557985	479	479	6	1.25260960334029	0.18455859735466	1.001	0.001
6	77594259	77749903	7.84512e-14	77656684	152	152	7	4.60526315789474	0.215318363580437	1	0.001
6	99738181	99775376	2.78294e-09	99752467	101	101	9	8.91089108910891	0.27683789603199	0.831	0.097
6	103252892	103287646	6.23852e-10	103266777	281	281	80	28.4697508896797	2.46078129806213	0.001	1.001
6	106356137	106389919	3.93707e-12	106377627	171	171	46	26.9005847953216	1.41494924638573	0.001	1.001
6	109017935	109100371	1.70316e-18	109028169	583	583	6	1.02915951972556	0.18455859735466	1.001	0.001
6	114600122	114652462	3.49767e-11	114642279	192	192	6	3.125	0.18455859735466	1.001	0.001
6	115233694	115313743	8.78453e-11	115281536	212	212	25	11.7924528301887	0.768994155644417	0.784	0.154
6	116723101	116869093	4.55456e-14	116841555	138	138	12	8.69565217391304	0.36911719470932	0.938	0.038
6	120764120	120849693	3.07879e-10	120793723	129	129	0	0	0	1.001	0.001
6	121516534	121542732	3.2141e-13	121528830	202	202	0	0	0	1.001	0.001
6	121995571	122074060	2.93167e-09	122056959	197	197	18	9.13705583756345	0.55367579206398	0.977	0.016
6	124907983	125097004	6.39313e-09	125073900	109	109	56	51.3761467889908	1.72254690864349	0.001	1.001
6	125541584	125634878	5.03389e-11	125612710	124	124	4	3.2258064516129	0.123039064903107	1.001	0.001
6	125919107	126176947	1.61291e-14	126010518	332	332	5	1.50602409638554	0.153798831128883	1.001	0.001
6	129369163	129502744	1.59945e-10	129405774	105	105	23	21.9047619047619	0.707474623192864	0.009	0.989
6	133895436	133917381	8.84829e-09	133905973	105	105	3	2.85714285714286	0.09227929867733	1.001	0.001
6	137131489	137199895	6.61542e-13	137189895	312	312	19	6.08974358974359	0.584435558289757	1.001	0.001
6	144685251	144710094	2.51863e-10	144695251	133	133	26	19.5488721804511	0.799753921870194	0.027	0.956
6	145369763	145452069	1.2597e-10	145425735	260	260	22	8.46153846153846	0.676714856967087	0.986	0.012
6	166865051	166909152	4.52961e-11	166877827	167	167	35	20.9580838323353	1.07659181790218	0.004	0.993
7	4391081	4464446	2.23615e-16	4454446	265	265	2	0.754716981132076	0.0615195324515534	1.001	0.001
7	6068297	6165546	1.09679e-09	6153557	131	131	19	14.5038167938931	0.584435558289757	0.387	0.527
7	11385496	11429285	5.4456e-17	11404638	298	298	3	1.00671140939597	0.09227929867733	1.001	0.001
7	14997758	15134799	8.2763e-10	15075047	101	101	2	1.98019801980198	0.0615195324515534	0.999	0.001
7	15801236	15940611	7.62242e-09	15840491	102	102	6	5.88235294117647	0.18455859735466	0.953	0.026
7	16352776	16424802	4.69935e-13	16414802	108	108	3	2.77777777777778	0.09227929867733	1.001	0.001
7	19261317	19303738	1.88791e-09	19291849	109	109	2	1.8348623853211	0.0615195324515534	1.001	0.001
7	21765293	21863253	7.36575e-16	21793494	345	345	4	1.15942028985507	0.123039064903107	1.001	0.001
7	22230607	22252895	4.27422e-17	22242895	102	102	1	0.980392156862745	0.0307597662257767	1.001	0.001
7	22563850	22653740	7.12395e-13	22578342	283	283	6	2.12014134275618	0.18455859735466	1.001	0.001
7	26919459	26945372	1.47222e-09	26935372	117	117	25	21.3675213675214	0.768994155644417	0.008	0.985
7	30696234	30770668	1.14176e-12	30706968	112	112	3	2.67857142857143	0.09227929867733	1.001	0.001
7	33866557	33894242	4.01584e-17	33879656	109	109	0	0	0	1.001	0.001
7	98419083	98461237	3.71882e-14	98429319	281	281	1	0.355871886120996	0.0307597662257767	1.001	0.001
7	99633950	99704081	7.24373e-15	99643950	110	110	1	0.909090909090909	0.0307597662257767	1.001	0.001
7	107249406	107292375	5.83481e-10	107260499	121	121	3	2.47933884297521	0.09227929867733	1.001	0.001
7	107892880	108023070	8.12535e-11	107905178	116	116	3	2.58620689655172	0.09227929867733	1.001	0.001
7	158623801	158871964	5.78701e-11	158634492	172	172	5	2.90697674418605	0.153798831128883	1.001	0.001
7	161566219	161625512	2.72773e-14	161594787	782	782	4	0.51150895140665	0.123039064903107	1.001	0.001
7	162034367	162207226	6.00871e-10	162113357	353	353	18	5.09915014164306	0.55367579206398	1.001	0.001
7	162943405	163010116	5.35261e-11	162981673	805	805	57	7.08074534161491	1.75330667486927	1.001	0.001
7	164901752	165027126	2.17932e-12	164964053	175	175	3	1.71428571428571	0.09227929867733	1.001	0.001
7	173843946	173928293	1.39904e-12	173904085	473	473	44	9.30232558139535	1.35342971393417	0.999	0.002
7	175605268	175647732	1.42849e-09	175619101	187	187	9	4.81283422459893	0.27683789603199	1.001	0.001
7	177659584	177718233	1.11778e-14	177687704	699	699	14	2.00286123032904	0.430636727160874	1.001	0.001
7	177988558	178198651	4.85316e-14	178156336	364	364	5	1.37362637362637	0.153798831128883	1.001	0.001
7	179091386	179146816	1.0268e-09	179117173	159	159	27	16.9811320754717	0.83051368809597	0.12	0.825
7	179319522	179447442	7.71094e-26	179355930	142	142	4	2.8169014084507	0.123039064903107	1.001	0.001
7	179615851	179691352	1.36855e-12	179648677	373	373	4	1.07238605898123	0.123039064903107	1.001	0.001
7	179989555	180157096	5.27289e-11	180000411	282	282	22	7.80141843971631	0.676714856967087	1	0.001
8	6760091	6926372	3.62664e-10	6869842	225	225	66	29.3333333333333	2.03014457090126	0.001	1.001
8	11657074	11712003	2.38619e-11	11696393	118	118	3	2.54237288135593	0.09227929867733	1.001	0.001
8	16458141	16500103	1.589e-12	16468141	108	108	1	0.925925925925926	0.0307597662257767	1.001	0.001
8	17370980	17424727	2.28809e-10	17392793	138	138	9	6.52173913043478	0.27683789603199	0.998	0.002
8	19933121	20165585	4.34689e-11	19982358	144	144	4	2.77777777777778	0.123039064903107	1.001	0.001
8	22595438	22657824	1.16871e-16	22643669	552	552	34	6.15942028985507	1.04583205167641	1.001	0.001
8	24722859	24797123	5.53174e-13	24756692	262	262	4	1.52671755725191	0.123039064903107	1.001	0.001
8	73197620	73344140	4.30751e-12	73251649	109	109	1	0.91743119266055	0.0307597662257767	1.001	0.001
8	109465351	109630696	2.96667e-09	109540903	158	158	1	0.632911392405063	0.0307597662257767	1.001	0.001
8	109932158	110118274	1.0499e-24	109971976	325	325	16	4.92307692307692	0.492156259612427	1.001	0.001
8	110376405	110495594	4.36264e-31	110395135	300	300	8	2.66666666666667	0.246078129806213	1.001	0.001
8	112556355	112646194	9.42656e-10	112581727	123	123	11	8.94308943089431	0.338357428483543	0.907	0.057
8	112833115	112862493	2.80024e-10	112852493	187	187	16	8.55614973262032	0.492156259612427	0.987	0.01
8	119500397	119551021	4.55414e-12	119510804	130	130	2	1.53846153846154	0.0615195324515534	1.001	0.001
8	157357058	157403212	2.5052e-13	157367579	126	126	5	3.96825396825397	0.153798831128883	0.999	0.003
8	160696183	160719794	8.39273e-13	160708779	472	472	12	2.54237288135593	0.36911719470932	1.001	0.001
8	168944067	169037212	1.39119e-11	169006817	188	188	2	1.06382978723404	0.0615195324515534	1.001	0.001
8	177127668	177170432	4.52109e-10	177155426	116	116	22	18.9655172413793	0.676714856967087	0.046	0.927
8	178265863	178393558	2.38211e-11	178277963	509	509	45	8.84086444007858	1.38418948015995	1	0.002
8	178609532	178712611	6.13217e-10	178663908	171	171	31	18.1286549707602	0.953552752999077	0.048	0.943
9	699422	780778	6.20715e-10	757415	106	106	11	10.377358490566	0.338357428483543	0.812	0.103
9	971237	1748377	1.09813e-16	1147525	3150	3150	338	10.7301587301587	10.3968009843125	0.92	0.071
9	3948332	4146788	7.43401e-14	4037779	569	569	31	5.4481546572935	0.953552752999077	1.001	0.001
9	4551003	4642292	1.50489e-13	4608376	2070	2070	160	7.72946859903382	4.92156259612427	1.001	0.001
9	4955711	5101715	2.58106e-10	4972416	485	485	64	13.1958762886598	1.96862503844971	0.563	0.389
9	5370524	5525656	9.36734e-12	5435427	237	237	18	7.59493670886076	0.55367579206398	0.999	0.002
9	5771884	5805867	2.30141e-09	5795867	162	162	5	3.08641975308642	0.153798831128883	1.001	0.001
9	6667932	6721670	3.47449e-15	6693955	749	749	20	2.67022696929239	0.615195324515534	1.001	0.001
9	7697872	7854251	1.07974e-11	7841560	330	330	17	5.15151515151515	0.522916025838204	1.001	0.001
9	7958727	7991492	1.82405e-11	7981492	357	357	19	5.32212885154062	0.584435558289757	1.001	0.001
9	8352660	8717445	3.93972e-13	8372099	496	496	29	5.84677419354839	0.892033220547524	1	0.001
9	9605168	9734206	6.33468e-10	9662636	151	151	13	8.60927152317881	0.399876960935097	0.949	0.029
9	11136612	11199460	2.84358e-14	11161798	189	189	18	9.52380952380952	0.55367579206398	0.922	0.05
9	11791263	11847816	4.35411e-10	11805533	183	183	3	1.63934426229508	0.09227929867733	1.001	0.001
9	11964216	12017595	1.74855e-11	11974216	101	101	19	18.8118811881188	0.584435558289757	0.023	0.955
9	12654152	12716710	8.05197e-11	12664152	142	142	8	5.63380281690141	0.246078129806213	0.998	0.002
9	12880304	12909661	1.16284e-10	12897973	120	120	3	2.5	0.09227929867733	1	0.001
9	13403461	13449359	5.09657e-13	13439359	115	115	24	20.8695652173913	0.73823438941864	0.007	0.988
9	14379857	14428775	5.89162e-12	14410346	125	125	1	0.8	0.0307597662257767	1.001	0.001
9	15673062	15744386	5.33453e-10	15710032	174	174	26	14.9425287356322	0.799753921870194	0.245	0.691
9	16215536	16269091	1.76388e-10	16259020	134	134	16	11.9402985074627	0.492156259612427	0.523	0.365
9	17505932	17554941	6.81166e-11	17521706	426	426	46	10.7981220657277	1.41494924638573	0.967	0.029
9	17749640	17798636	2.63389e-10	17788636	247	247	30	12.1457489878543	0.922792986773301	0.728	0.204
9	48888732	48966554	1.26437e-11	48906407	188	188	29	15.4255319148936	0.892033220547524	0.265	0.673
9	52028838	52070672	1.7445e-10	52043307	229	229	43	18.7772925764192	1.3226699477084	0.016	0.978
9	104410946	104565442	1.35014e-10	104550983	285	285	2	0.701754385964912	0.0615195324515534	1.001	0.001
9	108575107	108612173	9.22963e-13	108587874	221	221	3	1.35746606334842	0.09227929867733	1.001	0.001
9	110033778	110122622	8.13516e-12	110059454	284	284	66	23.2394366197183	2.03014457090126	0.001	1.001
9	111817006	111914219	8.09373e-11	111862372	174	174	38	21.8390804597701	1.16887111657951	0.002	1
9	116722121	116773929	2.47186e-10	116763405	139	139	2	1.43884892086331	0.0615195324515534	1.001	0.001
9	119273914	119394904	8.94627e-176	119359767	438	438	60	13.6986301369863	1.8455859735466	0.518	0.414
9	121962949	122010094	2.07905e-09	121999901	169	169	2	1.18343195266272	0.0615195324515534	1.001	0.001
9	122870940	122930948	6.8521e-12	122889720	341	341	6	1.75953079178886	0.18455859735466	1.001	0.001
9	129959579	129990785	4.45834e-11	129977483	122	122	1	0.819672131147541	0.0307597662257767	1.001	0.001
9	139117436	139251699	1.93355e-20	139194903	998	998	14	1.40280561122244	0.430636727160874	1.001	0.001
9	141966618	142016903	1.51887e-13	141984334	188	188	10	5.31914893617021	0.307597662257767	1.001	0.001
9	143298656	143346981	8.79629e-18	143320191	398	398	2	0.50251256281407	0.0615195324515534	1.001	0.001
9	143455428	143584742	3.13723e-11	143572541	310	310	18	5.80645161290323	0.55367579206398	1.001	0.001
9	145889282	146508194	4.06023e-16	146148376	1875	1875	51	2.72	1.56874807751461	1.001	0.001
9	146631685	146657935	1.36748e-10	146642787	268	268	4	1.49253731343284	0.123039064903107	1.001	0.001
9	146827540	146860219	1.73211e-14	146838187	904	904	71	7.85398230088496	2.18394340203014	1.001	0.001
9	147309948	147426220	3.95038e-10	147332729	340	340	7	2.05882352941176	0.215318363580437	1.001	0.001
9	147573243	147652707	1.33245e-15	147599352	1079	1079	19	1.76088971269694	0.584435558289757	1.001	0.001
9	148305363	148940769	2.2896e-15	148356140	4203	4203	212	5.04401617891982	6.52107043986466	1.001	0.001
9	152285854	152317828	9.75854e-10	152307771	105	105	4	3.80952380952381	0.123039064903107	1.001	0.001
9	154740173	154993651	3.3551e-14	154812216	1422	1422	218	15.3305203938115	6.70562903721932	0.031	0.962
9	155099150	155136365	2.35435e-12	155116017	1100	1100	222	20.1818181818182	6.82866810212242	0.001	1.001
9	155621623	155688435	1.39223e-11	155650789	103	103	12	11.6504854368932	0.36911719470932	0.631	0.252
9	156560940	156626749	2.15037e-10	156607239	146	146	15	10.2739726027397	0.46139649338665	0.888	0.083
9	157057443	157136709	1.44666e-09	157107677	175	175	35	20	1.07659181790218	0.012	0.981
9	157454749	157657376	2.10768e-14	157468898	1352	1352	137	10.1331360946746	4.21408797293141	1.001	0.001
10	678225	754308	4.9204e-14	721005	168	168	14	8.33333333333333	0.430636727160874	0.978	0.013
10	7848113	7924663	1.98727e-09	7858113	110	110	27	24.5454545454545	0.83051368809597	0.002	0.998
10	8232672	8252672	3.51298e-12	8242672	170	170	40	23.5294117647059	1.23039064903107	0.002	0.999
10	8741246	8914890	4.87971e-12	8871181	352	352	53	15.0568181818182	1.63026760996616	0.215	0.734
10	9142044	9165058	1.12843e-10	9155058	154	154	25	16.2337662337662	0.768994155644417	0.19	0.749
10	9305433	9435034	2.46531e-11	9315433	240	240	43	17.9166666666667	1.3226699477084	0.027	0.959
10	9900859	10013562	9.51456e-13	9931154	183	183	27	14.7540983606557	0.83051368809597	0.345	0.6
10	10576386	10691244	1.59938e-11	10680220	444	444	48	10.8108108108108	1.47646877883728	0.976	0.018
10	10905723	11097611	1.34579e-13	10915723	396	396	54	13.6363636363636	1.66102737619194	0.093	0.879
10	11334593	11370172	6.22205e-15	11346020	385	385	18	4.67532467532468	0.55367579206398	1.001	0.001
10	11838132	11895879	8.66753e-11	11849317	108	108	12	11.1111111111111	0.36911719470932	0.78	0.145
10	12132045	12152045	1.00543e-12	12142045	138	138	32	23.1884057971014	0.984312519224854	0.004	0.997
10	12333287	12361869	1.44154e-10	12349456	204	204	27	13.2352941176471	0.83051368809597	0.575	0.353
10	12764711	12784711	2.00903e-12	12774711	133	133	32	24.0601503759398	0.984312519224854	0.001	0.999
10	13240140	13363627	4.44986e-15	13288469	478	478	52	10.8786610878661	1.59950784374039	0.959	0.033
10	13688714	13749011	9.13147e-14	13716734	464	464	52	11.2068965517241	1.59950784374039	0.958	0.031
10	16573016	16659696	2.63564e-11	16585376	163	163	12	7.36196319018405	0.36911719470932	0.967	0.013
10	16860349	16903083	3.39192e-12	16881543	127	127	29	22.8346456692913	0.892033220547524	0.002	0.998
10	18414025	18552397	4.65177e-14	18427508	220	220	15	6.81818181818182	0.46139649338665	0.999	0.003
10	19899124	20091281	1.09189e-13	19916216	319	319	49	15.3605015673981	1.50722854506306	0.063	0.917
10	20231646	20295113	4.03697e-12	20264678	120	120	13	10.8333333333333	0.399876960935097	0.796	0.132
10	20853136	20897001	2.76427e-12	20886533	194	194	36	18.5567010309278	1.10735158412796	0.035	0.952
10	21406246	21558258	2.25043e-16	21457435	415	415	66	15.9036144578313	2.03014457090126	0.111	0.861
10	29303630	29375205	3.62672e-15	29339507	526	526	66	12.5475285171103	2.03014457090126	0.779	0.195
10	29553652	29780201	2.87806e-13	29648704	203	203	14	6.89655172413793	0.430636727160874	0.998	0.003
10	33131671	33304339	2.48326e-12	33211096	106	106	12	11.3207547169811	0.36911719470932	0.664	0.244
10	35678178	35791092	1.30505e-09	35721497	171	171	27	15.7894736842105	0.83051368809597	0.163	0.781
10	61526796	61629471	8.59146e-11	61569135	176	176	11	6.25	0.338357428483543	1	0.001
10	71823500	71873161	1.12045e-10	71862510	100	100	8	8	0.246078129806213	0.966	0.021
10	73614095	73655529	4.00534e-14	73625667	335	335	34	10.1492537313433	1.04583205167641	0.982	0.014
10	74198186	74349696	6.51077e-16	74270788	925	925	70	7.56756756756757	2.15318363580437	1.001	0.001
10	75237784	75282033	7.41747e-16	75265450	109	109	14	12.8440366972477	0.430636727160874	0.589	0.3
10	75968043	76038485	1.9564e-13	75992854	373	373	44	11.7962466487936	1.35342971393417	0.885	0.087
10	80151465	80284295	5.44358e-09	80209303	169	169	47	27.810650887574	1.4457090126115	0.001	1.001
10	82416164	82533647	2.88039e-14	82523647	102	102	7	6.86274509803922	0.215318363580437	0.975	0.014
10	83905377	84144106	2.29233e-14	84040480	490	490	48	9.79591836734694	1.47646877883728	0.7	0.244
10	84402392	84449120	1.07075e-13	84439120	171	171	30	17.5438596491228	0.922792986773301	0.081	0.882
10	84663715	84684383	1.34285e-12	84674147	303	303	41	13.5313531353135	1.26115041525684	0.574	0.367
10	85501404	85662458	9.5213e-14	85511756	351	351	55	15.6695156695157	1.69178714241772	0.143	0.82
10	99642301	99725477	1.49088e-12	99653680	383	383	19	4.96083550913838	0.584435558289757	1.001	0.001
10	100332755	100405234	2.50243e-13	100362018	125	125	10	8	0.307597662257767	0.955	0.027
10	100636450	100671440	1.21602e-09	100647728	107	107	1	0.934579439252336	0.0307597662257767	1.001	0.001
10	101246308	101385919	3.71694e-11	101256308	199	199	0	0	0	1.001	0.001
10	110700799	110798871	8.83476e-12	110737798	139	139	25	17.9856115107914	0.768994155644417	0.059	0.913
10	111090452	111134320	3.27025e-12	111112981	104	104	0	0	0	1.001	0.001
10	113098256	113118256	9.98277e-13	113108256	148	148	42	28.3783783783784	1.29191018148262	0.001	1.001
10	113825805	113935742	6.55121e-10	113925733	268	268	52	19.4029850746269	1.59950784374039	0.009	0.992
10	114238415	114475659	2.70436e-12	114248795	330	330	13	3.93939393939394	0.399876960935097	1.001	0.001
10	114709900	114799931	6.86226e-11	114775227	179	179	28	15.6424581005587	0.861273454321747	0.163	0.778
10	115341688	115698587	3.36598e-12	115580023	450	450	73	16.2222222222222	2.2454629344817	0.011	0.989
10	115898250	115965451	2.16939e-11	115946577	236	236	27	11.4406779661017	0.83051368809597	0.855	0.107
10	116404240	116427768	2.87139e-13	116414240	178	178	42	23.5955056179775	1.29191018148262	0.002	0.999
10	117801752	117908868	5.44559e-12	117858591	176	176	32	18.1818181818182	0.984312519224854	0.039	0.939
10	118489074	118517205	1.58003e-14	118501906	144	144	1	0.694444444444444	0.0307597662257767	1.001	0.001
10	118808264	118869415	3.77092e-09	118832295	144	144	0	0	0	1.001	0.001
10	119097296	119367566	1.13857e-13	119200218	136	136	13	9.55882352941176	0.399876960935097	0.857	0.08
10	119724682	119780269	3.35934e-11	119770269	104	104	22	21.1538461538462	0.676714856967087	0.016	0.977
10	126744948	126899050	2.90906e-10	126888349	467	467	38	8.13704496788008	1.16887111657951	1.001	0.001
10	128455028	128658088	1.57413e-11	128591106	114	114	7	6.14035087719298	0.215318363580437	0.981	0.006
10	131430171	131486061	8.30737e-12	131468037	343	343	144	41.9825072886297	4.42940633651184	0.001	1.001
10	135663465	135701061	2.09925e-14	135687307	104	104	7	6.73076923076923	0.215318363580437	0.95	0.017
10	136853054	136947345	1.29708e-11	136931403	117	117	15	12.8205128205128	0.46139649338665	0.483	0.412
10	137448597	137542293	5.79025e-10	137513482	169	169	32	18.9349112426036	0.984312519224854	0.021	0.965
10	139134450	139199076	8.29422e-10	139149014	115	115	2	1.73913043478261	0.0615195324515534	1.001	0.001
10	139440895	139524061	2.25669e-10	139499399	138	138	32	23.1884057971014	0.984312519224854	0.001	1.001
10	139714699	139801859	2.22642e-10	139759274	238	238	16	6.72268907563025	0.492156259612427	1.001	0.001
10	140723543	140842998	7.15027e-13	140832854	359	359	53	14.7632311977716	1.63026760996616	0.203	0.758
10	142242195	142437145	8.3682e-11	142376580	115	115	10	8.69565217391304	0.307597662257767	0.835	0.108
10	143286538	143324526	1.81412e-10	143312803	182	182	25	13.7362637362637	0.768994155644417	0.49	0.416
10	147297529	147376429	1.94974e-11	147316834	102	102	1	0.980392156862745	0.0307597662257767	1.001	0.001
10	148702900	148831606	1.05891e-12	148821606	328	328	25	7.6219512195122	0.768994155644417	1	0.002
10	149152383	149409853	5.03076e-12	149174771	330	330	24	7.27272727272727	0.73823438941864	1.001	0.001
10	149567347	149638815	8.14024e-14	149613752	283	283	19	6.71378091872791	0.584435558289757	1.001	0.001
