Chr	Start	End	Min_P	Min_Pos	N_Gene	#target	#overlap	Ratio_target_overlap	Ratio_pos_g_overlap	P_grp	P_les
1	3108474	3184741	2.70728e-12	3174741	154	154	7	4.54545454545455	0.248491302804402	1.001	0.001
1	5158430	5788693	1.42164e-11	5194999	1743	1743	351	20.1376936316695	12.4600638977636	0.001	1.001
1	6205086	6395646	9.38373e-12	6385635	837	837	265	31.6606929510155	9.40717074902378	0.001	1.001
1	6513657	6570848	4.14671e-12	6528195	471	471	128	27.1762208067941	4.5438409655662	0.001	1.001
1	6809915	7085516	7.29759e-14	6824431	1836	1836	490	26.6884531590414	17.3943911963081	0.001	1.001
1	7379257	7729275	3.95951e-13	7414338	602	602	262	43.5215946843854	9.30067447639333	0.001	1.001
1	7932515	8059887	5.62822e-12	8022075	370	370	182	49.1891891891892	6.46077387291445	0.001	1.001
1	8268263	8342584	6.96973e-11	8315998	340	340	179	52.6470588235294	6.35427760028399	0.001	1.001
1	8473243	8504466	1.99126e-12	8494322	274	274	139	50.7299270072993	4.93432729854455	0.001	1.001
1	9437690	9517552	6.25297e-09	9489905	103	103	36	34.9514563106796	1.2779552715655	0.001	1.001
1	12164153	12194088	3.82572e-10	12176604	111	111	65	58.5585585585586	2.30741924032659	0.001	1.001
1	13117476	13211012	1.61088e-09	13181940	104	104	17	16.3461538461538	0.603478878239262	0.19	0.738
1	15493893	15609016	7.84611e-11	15514329	127	127	61	48.0314960629921	2.16542421015264	0.001	1.001
1	16392706	16488032	1.80869e-13	16412358	313	313	156	49.8402555910543	5.53780617678381	0.001	1.001
1	16623020	16645918	1.62212e-10	16633538	130	130	88	67.6923076923077	3.12389066382677	0.001	1.001
1	16803885	16976345	3.6473e-10	16916303	374	374	92	24.5989304812834	3.26588569400071	0.001	1.001
1	17273233	17330805	4.56484e-13	17319810	132	132	80	60.6060606060606	2.83990060347888	0.001	1.001
1	27572809	27609415	1.98102e-14	27599415	199	199	90	45.2261306532663	3.19488817891374	0.001	1.001
1	54310795	54456716	3.85493e-10	54410212	287	287	97	33.7979094076655	3.44337948171814	0.001	1.001
1	55003463	55271318	6.59005e-12	55033758	232	232	54	23.2758620689655	1.91693290734824	0.001	1.001
1	57381542	57404240	1.29151e-16	57391542	126	126	57	45.2380952380952	2.0234291799787	0.001	1.001
1	67369724	67453129	9.17241e-11	67442631	205	205	114	55.609756097561	4.0468583599574	0.001	1.001
1	111601426	111659306	1.38568e-12	111620748	148	148	79	53.3783783783784	2.80440184593539	0.001	1.001
1	130519809	130653537	1.29731e-08	130607900	108	108	64	59.2592592592593	2.2719204827831	0.001	1.001
1	131133007	131175285	5.05665e-11	131143007	127	127	87	68.503937007874	3.08839190628328	0.001	1.001
1	158384706	158459304	7.42364e-11	158430974	145	145	65	44.8275862068966	2.30741924032659	0.001	1.001
1	172131461	172197153	9.69905e-11	172141461	262	262	162	61.8320610687023	5.75079872204473	0.001	1.001
1	219675293	219724831	3.47353e-09	219698043	183	183	83	45.3551912568306	2.94639687610934	0.001	1.001
1	232327484	232422782	1.00251e-08	232395325	134	134	23	17.1641791044776	0.816471423500178	0.108	0.843
1	233426110	233486506	6.61048e-11	233459376	142	142	47	33.0985915492958	1.66844160454384	0.001	1.001
1	233716463	233760185	1.07259e-09	233730199	211	211	157	74.4075829383886	5.5733049343273	0.001	1.001
1	246377873	246686361	1.61603e-46	246655256	445	445	123	27.6404494382022	4.36634717784878	0.001	1.001
1	246837384	246894523	4.29591e-13	246884523	173	173	80	46.242774566474	2.83990060347888	0.001	1.001
1	263046064	263100019	4.01802e-13	263064280	251	251	166	66.1354581673307	5.89279375221867	0.001	1.001
1	263557555	263637520	1.69115e-11	263567555	302	302	186	61.5894039735099	6.60276890308839	0.001	1.001
1	263805830	263857131	1.06772e-12	263830720	176	176	117	66.4772727272727	4.15335463258786	0.001	1.001
1	264204958	264258137	1.51543e-09	264238627	189	189	134	70.8994708994709	4.75683351082712	0.001	1.001
1	264423345	264474855	4.06339e-09	264461570	127	127	88	69.2913385826772	3.12389066382677	0.001	1.001
1	267888325	268025056	5.37651e-12	267900353	227	227	156	68.7224669603524	5.53780617678381	0.001	1.001
1	270419782	270560193	3.43321e-11	270429782	342	342	266	77.7777777777778	9.44266950656727	0.001	1.001
1	270721796	270942358	2.11275e-11	270816325	138	138	76	55.0724637681159	2.69790557330493	0.001	1.001
1	271473269	271525408	1.33696e-11	271507220	182	182	149	81.8681318681319	5.28931487397941	0.001	1.001
1	272961360	273112828	1.08895e-13	272993541	293	293	167	56.9965870307167	5.92829250976216	0.001	1.001
1	273324261	273431961	1.1976e-11	273382489	299	299	189	63.2107023411371	6.70926517571885	0.001	1.001
1	273789193	274255003	1.21859e-10	273957817	633	633	311	49.13112164297	11.0401135960241	0.001	1.001
1	274550015	274580469	1.23465e-09	274566180	161	161	119	73.9130434782609	4.22435214767483	0.001	1.001
1	274922842	274968118	2.4285e-10	274940299	115	115	89	77.3913043478261	3.15938942137025	0.001	1.001
1	275240727	275311997	4.50319e-09	275265227	109	109	70	64.2201834862385	2.48491302804402	0.001	1.001
1	275697093	275752654	6.59112e-13	275712995	111	111	68	61.2612612612613	2.41391551295705	0.001	1.001
1	276205092	276238512	7.41604e-11	276227336	227	227	147	64.7577092511013	5.21831735889244	0.001	1.001
1	277046482	277071355	6.30437e-12	277056482	103	103	66	64.0776699029126	2.34291799787007	0.001	1.001
1	277181951	277235626	4.82063e-09	277199352	155	155	101	65.1612903225806	3.58537451189208	0.001	1.001
1	277345752	277742885	2.87478e-12	277564815	661	661	342	51.7397881996974	12.1405750798722	0.001	1.001
1	277988028	278121208	1.69437e-11	278034897	125	125	55	44	1.95243166489173	0.001	1.001
1	278236710	278256710	1.27459e-11	278246710	250	250	188	75.2	6.67376641817536	0.001	1.001
1	278789654	279043030	4.84516e-12	278853622	716	716	413	57.6815642458101	14.6609868654597	0.001	1.001
1	279265103	279395319	7.43677e-11	279293455	103	103	62	60.1941747572816	2.20092296769613	0.001	1.001
1	279549456	279627469	6.87311e-10	279591331	115	115	70	60.8695652173913	2.48491302804402	0.001	1.001
1	280057303	280095794	1.54757e-11	280067303	106	106	67	63.2075471698113	2.37841675541356	0.001	1.001
1	283378741	283466674	1.06787e-13	283423517	335	335	174	51.9402985074627	6.17678381256656	0.001	1.001
1	283937345	284105054	5.34467e-12	284084528	436	436	226	51.8348623853211	8.02271920482783	0.001	1.001
1	295575328	295641399	2.04131e-10	295609401	108	108	7	6.48148148148148	0.248491302804402	0.988	0.007
1	297400691	297461182	9.87865e-10	297438020	323	323	18	5.57275541795666	0.638977635782748	1.001	0.001
1	299416201	299546964	7.72379e-12	299426201	285	285	179	62.8070175438597	6.35427760028399	0.001	1.001
1	300124389	300162891	4.59952e-13	300134389	254	254	133	52.3622047244095	4.72133475328364	0.001	1.001
1	300594300	300669432	7.43323e-10	300609599	176	176	127	72.1590909090909	4.50834220802272	0.001	1.001
1	300913669	300981138	4.53707e-12	300943699	348	348	209	60.0574712643678	7.41924032658857	0.001	1.001
1	301277263	301398544	1.56445e-13	301376427	323	323	172	53.250773993808	6.10578629747959	0.001	1.001
1	301713731	301779671	3.03483e-11	301728041	118	118	64	54.2372881355932	2.2719204827831	0.001	1.001
1	302076201	302158800	2.34825e-10	302145928	146	146	73	50	2.59140930067448	0.001	1.001
1	304903030	305034183	7.43793e-18	304961307	176	176	33	18.75	1.17145899893504	0.02	0.976
1	305553753	305611682	1.12817e-10	305563753	102	102	59	57.843137254902	2.09442669506567	0.001	1.001
2	1325042	1350584	2.40161e-14	1335168	379	379	188	49.6042216358839	6.67376641817536	0.001	1.001
2	1535167	1651009	5.80993e-14	1548124	644	644	319	49.5341614906832	11.324103656372	0.001	1.001
2	1903238	1980689	4.78013e-13	1946578	140	140	106	75.7142857142857	3.76286829960951	0.001	1.001
2	2307558	2358128	2.08399e-10	2347536	106	106	62	58.4905660377358	2.20092296769613	0.001	1.001
2	2800975	2824519	6.65189e-13	2811285	113	113	77	68.141592920354	2.73340433084842	0.001	1.001
2	3051454	3137014	1.18858e-09	3107866	236	236	113	47.8813559322034	4.01135960241392	0.001	1.001
2	3257552	3375280	1.60333e-10	3311060	173	173	95	54.9132947976879	3.37238196663117	0.001	1.001
2	3533915	3644570	2.03352e-12	3594597	594	594	332	55.8922558922559	11.7855875044373	0.001	1.001
2	3923523	4087382	3.8403e-12	3933523	711	711	323	45.4289732770745	11.466098686546	0.001	1.001
2	4217484	4308427	3.44139e-12	4227826	306	306	177	57.843137254902	6.28328008519702	0.001	1.001
2	4422732	4564139	3.2854e-15	4466680	564	564	261	46.2765957446809	9.26517571884984	0.001	1.001
2	9761277	9811879	3.496e-12	9797226	121	121	42	34.7107438016529	1.49094781682641	0.001	1.001
2	10702689	10805805	4.60428e-12	10764779	163	163	76	46.6257668711656	2.69790557330493	0.001	1.001
2	27135729	27168538	4.35502e-12	27147354	110	110	40	36.3636363636364	1.41995030173944	0.001	1.001
2	27290539	27458993	1.24999e-15	27313524	298	298	98	32.8859060402685	3.47887823926163	0.001	1.001
2	49793230	49871916	5.04065e-10	49804122	203	203	50	24.6305418719212	1.7749378771743	0.001	1.001
2	61457701	61652559	5.60704e-10	61612411	160	160	56	35	1.98793042243521	0.001	1.001
2	71658377	71785415	5.3861e-14	71750197	162	162	60	37.037037037037	2.12992545260916	0.001	1.001
2	109697373	109721488	2.21486e-12	109711488	261	261	69	26.4367816091954	2.44941427050053	0.001	1.001
2	111327553	111395248	1.73732e-10	111373732	156	156	51	32.6923076923077	1.81043663471778	0.001	1.001
2	112037540	112124843	1.76524e-09	112071588	113	113	15	13.2743362831858	0.53248136315229	0.541	0.367
2	112646534	112732731	8.83589e-10	112679344	107	107	9	8.41121495327103	0.319488817891374	0.935	0.035
2	168616454	168648729	2.10607e-10	168628634	328	328	251	76.5243902439024	8.91018814341498	0.001	1.001
2	168954660	169031286	2.4214e-09	168969026	222	222	182	81.981981981982	6.46077387291445	0.001	1.001
2	195271533	195332457	2.20762e-13	195302126	123	123	68	55.2845528455285	2.41391551295705	0.001	1.001
2	204141538	204235950	2.96421e-10	204224815	282	282	103	36.5248226950355	3.65637202697906	0.001	1.001
2	208474386	208587009	1.18088e-14	208499671	555	555	310	55.8558558558559	11.0046148384807	0.001	1.001
2	208699401	208967548	3.15158e-14	208876496	1013	1013	410	40.4738400789733	14.5544905928293	0.001	1.001
2	209197131	209402002	5.51921e-11	209337161	434	434	185	42.6267281105991	6.5672701455449	0.001	1.001
2	209553105	209580536	7.65077e-12	209563105	253	253	119	47.0355731225296	4.22435214767483	0.001	1.001
2	210151383	210204307	1.28397e-12	210179474	409	409	214	52.3227383863081	7.596734114306	0.001	1.001
2	211138627	211225620	4.26634e-10	211149240	151	151	119	78.8079470198676	4.22435214767483	0.001	1.001
2	211330404	211481725	3.90302e-13	211471725	1221	1221	598	48.976248976249	21.2282570110046	0.001	1.001
2	211610736	211632611	1.37243e-12	211620987	109	109	54	49.5412844036697	1.91693290734824	0.001	1.001
2	212731277	212831333	1.54044e-12	212774105	577	577	238	41.2478336221837	8.44870429534966	0.001	1.001
2	224661478	225161208	1.99021e-15	224815043	1301	1301	472	36.2797847809377	16.7554135605254	0.001	1.001
2	227385252	227608879	1.22688e-12	227451978	138	138	58	42.0289855072464	2.05892793752219	0.001	1.001
2	228230031	228336858	2.09719e-11	228307093	172	172	80	46.5116279069767	2.83990060347888	0.001	1.001
2	228614209	228744921	3.94139e-15	228637605	635	635	329	51.8110236220472	11.6790912318069	0.001	1.001
2	229184560	229286385	1.04364e-10	229261429	109	109	65	59.6330275229358	2.30741924032659	0.001	1.001
2	229696164	230377737	7.53913e-17	229782523	2290	2290	716	31.2663755458515	25.417110401136	0.001	1.001
2	230621721	230877884	1.95387e-13	230795209	1315	1315	498	37.8707224334601	17.678381256656	0.001	1.001
2	231289882	231311881	2.82335e-14	231300574	266	266	144	54.1353383458647	5.11182108626198	0.001	1.001
2	233718830	233765723	2.26268e-13	233755723	185	185	133	71.8918918918919	4.72133475328364	0.001	1.001
2	234454527	234501106	8.02473e-11	234483323	100	100	74	74	2.62690805821796	0.001	1.001
2	234998828	235057236	5.91649e-13	235008828	507	507	318	62.7218934911243	11.2886048988285	0.001	1.001
2	235338518	235447975	7.50262e-11	235437474	409	409	279	68.2151589242054	9.90415335463259	0.001	1.001
2	235825695	235911755	3.17012e-13	235866458	130	130	83	63.8461538461538	2.94639687610934	0.001	1.001
2	236016326	236282371	5.9633e-17	236204424	658	658	322	48.936170212766	11.4305999290025	0.001	1.001
2	236815045	236891951	2.67146e-11	236860879	375	375	196	52.2666666666667	6.95775647852325	0.001	1.001
2	237016274	237111085	3.43419e-13	237051718	330	330	168	50.9090909090909	5.96379126730564	0.001	1.001
2	237538673	237581148	4.43107e-11	237556125	101	101	62	61.3861386138614	2.20092296769613	0.001	1.001
2	238088571	238163559	2.11473e-09	238098571	110	110	60	54.5454545454545	2.12992545260916	0.001	1.001
2	238891644	239023823	2.54543e-15	238986612	536	536	296	55.2238805970149	10.5076322328718	0.001	1.001
2	239453374	239490372	1.1512e-11	239479686	513	513	300	58.4795321637427	10.6496272630458	0.001	1.001
3	792159	893574	1.84427e-09	806561	174	174	47	27.0114942528736	1.66844160454384	0.001	1.001
3	2336364	2371521	2.40563e-09	2359458	142	142	106	74.6478873239437	3.76286829960951	0.001	1.001
3	2929222	2995982	3.67086e-09	2945156	120	120	74	61.6666666666667	2.62690805821796	0.001	1.001
3	3163596	3489885	5.6451e-12	3184864	608	608	136	22.3684210526316	4.82783102591409	0.001	1.001
3	6285977	6314813	4.80378e-11	6300248	199	199	124	62.3115577889447	4.40184593539226	0.001	1.001
3	7179251	7201629	2.81411e-10	7191629	161	161	90	55.9006211180124	3.19488817891374	0.001	1.001
3	16336647	16477572	7.84981e-10	16467381	190	190	78	41.0526315789474	2.76890308839191	0.001	1.001
3	25330156	25448940	1.4137e-08	25370648	115	115	67	58.2608695652174	2.37841675541356	0.001	1.001
3	28472660	28557668	6.55814e-10	28536671	126	126	41	32.5396825396825	1.45544905928293	0.001	1.001
3	31610187	31636290	3.9852e-11	31626283	110	110	71	64.5454545454545	2.5204117855875	0.001	1.001
3	33630970	33690414	6.60276e-13	33642728	509	509	367	72.1021611001965	13.0280440184594	0.001	1.001
3	52893251	52977750	3.4965e-14	52903277	280	280	118	42.1428571428571	4.18885339013135	0.001	1.001
3	53761046	53952783	3.78996e-11	53929088	301	301	185	61.4617940199336	6.5672701455449	0.001	1.001
3	58556577	58726796	3.79501e-09	58651015	110	110	72	65.4545454545455	2.55591054313099	0.001	1.001
3	102769396	102951890	5.74064e-13	102920294	396	396	125	31.5656565656566	4.43734469293575	0.001	1.001
3	113642256	113764542	6.79995e-10	113719558	121	121	31	25.6198347107438	1.10046148384807	0.001	1
3	114756099	114795624	3.51956e-14	114766099	101	101	36	35.6435643564356	1.2779552715655	0.001	1.001
3	119601719	119842446	2.61347e-13	119674458	544	544	135	24.8161764705882	4.79233226837061	0.001	1.001
3	123719362	123801765	1.17127e-19	123769353	230	230	89	38.695652173913	3.15938942137025	0.001	1.001
3	123974259	124146852	1.95885e-11	124128419	340	340	247	72.6470588235294	8.76819311324104	0.001	1.001
3	128358634	128420659	1.24884e-14	128394903	108	108	25	23.1481481481481	0.88746893858715	0.001	1.001
3	129123970	129223478	4.73101e-45	129169513	696	696	279	40.0862068965517	9.90415335463259	0.001	1.001
3	129632488	129695318	1.12618e-17	129678351	462	462	197	42.6406926406926	6.99325523606674	0.001	1.001
3	131573805	131779123	3.37847e-11	131749371	545	545	319	58.5321100917431	11.324103656372	0.001	1.001
3	135481996	135568353	1.75014e-13	135499201	877	877	521	59.4070695553022	18.4948526801562	0.001	1.001
3	137040569	137219691	2.67493e-11	137114081	391	391	261	66.7519181585678	9.26517571884984	0.001	1.001
3	140867143	140914999	4.62665e-16	140895286	100	100	46	46	1.63294284700036	0.001	1.001
3	143741313	143813344	7.52942e-13	143794088	315	315	68	21.5873015873016	2.41391551295705	0.001	1.001
3	148069978	148090188	7.56089e-11	148079978	157	157	61	38.8535031847134	2.16542421015264	0.001	1.001
3	155176642	155239372	1.90783e-10	155192360	104	104	45	43.2692307692308	1.59744408945687	0.001	1.001
3	157872828	157939876	2.83238e-09	157928690	125	125	17	13.6	0.603478878239262	0.453	0.44
3	164241710	164379107	4.90205e-12	164253105	121	121	23	19.0082644628099	0.816471423500178	0.024	0.96
3	175536527	175650620	1.92747e-08	175555433	104	104	3	2.88461538461538	0.106496272630458	1	0.001
3	177544774	177787193	3.17236e-11	177632873	182	182	48	26.3736263736264	1.70394036208733	0.001	1.001
3	178052789	178158491	5.1777e-12	178109431	231	231	69	29.8701298701299	2.44941427050053	0.001	1.001
3	180251314	180435611	1.33447e-10	180423525	128	128	14	10.9375	0.496982605608804	0.734	0.175
3	180720685	180758768	1.94681e-12	180746106	116	116	31	26.7241379310345	1.10046148384807	0.001	1.001
3	181333513	181408961	3.12396e-12	181396050	250	250	84	33.6	2.98189563365282	0.001	1.001
3	186061147	186081147	1.35574e-09	186071147	109	109	64	58.7155963302752	2.2719204827831	0.001	1.001
3	186424408	186597806	6.8787e-10	186531490	422	422	207	49.0521327014218	7.3482428115016	0.001	1.001
3	193411482	193432183	1.89654e-09	193422096	103	103	49	47.5728155339806	1.73943911963081	0.001	1.001
3	202386570	202413151	1.82043e-09	202396624	217	217	134	61.7511520737327	4.75683351082712	0.001	1.001
3	203788992	203811679	3.71588e-09	203801679	122	122	83	68.0327868852459	2.94639687610934	0.001	1.001
3	222052324	222116426	1.67423e-12	222079227	174	174	94	54.0229885057471	3.33688320908768	0.001	1.001
3	230944366	231047951	7.98101e-13	230958951	257	257	101	39.2996108949416	3.58537451189208	0.001	1.001
3	232637909	232763186	0	232726847	257	257	71	27.6264591439689	2.5204117855875	0.001	1.001
3	233135482	233159467	2.35642e-09	233149191	172	172	19	11.046511627907	0.674476393326234	0.835	0.122
4	875085	934919	1.58654e-11	909628	183	183	95	51.9125683060109	3.37238196663117	0.001	1.001
4	1437233	1542942	3.89325e-14	1513710	521	521	161	30.9021113243762	5.71529996450124	0.001	1.001
4	5006950	5045938	6.22388e-14	5027814	633	633	266	42.0221169036335	9.44266950656727	0.001	1.001
4	5733401	5771613	5.95092e-17	5756279	198	198	104	52.5252525252525	3.69187078452254	0.001	1.001
4	5997958	6041463	3.5787e-10	6028609	115	115	49	42.6086956521739	1.73943911963081	0.001	1.001
4	7788466	7889730	8.05074e-20	7816173	968	968	362	37.396694214876	12.8505502307419	0.001	1.001
4	11569182	11772496	8.23438e-16	11757739	504	504	197	39.0873015873016	6.99325523606674	0.001	1.001
4	12922886	13108026	6.19663e-16	13009071	747	747	290	38.8219544846051	10.2946396876109	0.001	1.001
4	17239004	17545541	6.67285e-11	17470195	542	542	236	43.5424354243542	8.37770678026269	0.001	1.001
4	17726745	17795638	2.34955e-13	17783813	234	234	88	37.6068376068376	3.12389066382677	0.001	1.001
4	18933733	18980259	1.9379e-12	18957081	149	149	66	44.2953020134228	2.34291799787007	0.001	1.001
4	19148069	19195209	7.44953e-15	19174210	403	403	165	40.9429280397022	5.85729499467519	0.001	1.001
4	29916225	30124112	3.68433e-11	30059632	263	263	155	58.93536121673	5.50230741924033	0.001	1.001
4	30488862	30564659	1.93152e-09	30512311	147	147	101	68.7074829931973	3.58537451189208	0.001	1.001
4	30845449	30887674	2.26738e-12	30856951	223	223	155	69.5067264573991	5.50230741924033	0.001	1.001
4	31150823	31281485	1.42781e-10	31204386	170	170	117	68.8235294117647	4.15335463258786	0.001	1.001
4	32659739	32716037	2.21012e-10	32696201	355	355	225	63.3802816901408	7.98722044728435	0.001	1.001
4	34674487	34849167	5.1234e-16	34787342	747	747	402	53.8152610441767	14.2705005324814	0.001	1.001
4	38427140	38461651	1.68514e-12	38451651	171	171	70	40.9356725146199	2.48491302804402	0.001	1.001
4	38562077	38588840	1.64293e-12	38576234	429	429	102	23.7762237762238	3.62087326943557	0.001	1.001
4	39974655	40009597	3.32452e-15	39990857	292	292	160	54.7945205479452	5.67980120695776	0.001	1.001
4	44107845	44131797	8.91301e-122	44118522	184	184	67	36.4130434782609	2.37841675541356	0.001	1.001
4	51875555	51928990	6.9214e-09	51888036	298	298	181	60.738255033557	6.42527511537096	0.001	1.001
4	52868824	52944844	9.02421e-10	52897575	253	253	143	56.5217391304348	5.07632232871849	0.001	1.001
4	54878789	55008619	1.6235e-17	54992042	456	456	213	46.7105263157895	7.56123535676251	0.001	1.001
4	74231783	74257151	7.16096e-13	74244482	116	116	7	6.03448275862069	0.248491302804402	0.996	0.001
4	92860836	92984599	0	92870836	592	592	269	45.4391891891892	9.54916577919773	0.001	1.001
4	123414777	123453679	5.72214e-12	123443679	120	120	6	5	0.212992545260916	1	0.001
4	123909554	123949335	1.48211e-10	123919554	114	114	16	14.0350877192982	0.567980120695776	0.397	0.518
4	126321816	126562006	1.3417e-14	126385303	418	418	191	45.6937799043062	6.78026269080582	0.001	1.001
4	126927507	127183917	4.48708e-11	127128611	365	365	196	53.6986301369863	6.95775647852325	0.001	1.001
4	135046172	135116364	1.59135e-10	135073588	109	109	23	21.1009174311927	0.816471423500178	0.006	0.986
4	136229352	136419005	1.72526e-16	136245550	427	427	205	48.0093676814988	7.27724529641463	0.001	1.001
4	136749576	136885782	7.07526e-19	136774289	335	335	193	57.6119402985075	6.85126020589279	0.001	1.001
4	146602349	146625517	2.87549e-18	146614303	141	141	72	51.063829787234	2.55591054313099	0.001	1.001
4	149384188	149509310	1.66141e-10	149499310	151	151	104	68.8741721854305	3.69187078452254	0.001	1.001
4	154180109	154282385	7.4884e-13	154253873	149	149	80	53.6912751677852	2.83990060347888	0.001	1.001
4	159894436	159953011	2.03839e-10	159917802	182	182	60	32.967032967033	2.12992545260916	0.001	1.001
4	177012021	177137829	7.66518e-10	177127829	132	132	45	34.0909090909091	1.59744408945687	0.001	1.001
4	177621144	177787674	2.73579e-12	177746241	237	237	68	28.6919831223629	2.41391551295705	0.001	1.001
4	178616781	178769038	1.90013e-09	178663722	104	104	41	39.4230769230769	1.45544905928293	0.001	1.001
4	179201304	179385669	8.26593e-11	179368805	100	100	16	16	0.567980120695776	0.195	0.724
4	179665237	179785748	6.542e-12	179688896	342	342	118	34.5029239766082	4.18885339013135	0.001	1.001
4	190401871	190425877	4.71363e-10	190413773	140	140	76	54.2857142857143	2.69790557330493	0.001	1.001
4	196267642	196707064	6.32909e-11	196378185	543	543	78	14.3646408839779	2.76890308839191	0.173	0.789
4	197778127	197885144	3.00184e-10	197849065	172	172	38	22.093023255814	1.34895278665247	0.001	1.001
4	198606258	198633492	6.94775e-19	198620796	123	123	2	1.6260162601626	0.070997515086972	1.001	0.001
4	199234683	199439927	5.07797e-10	199364162	289	289	32	11.0726643598616	1.13596024139155	0.88	0.091
4	199692555	199842337	7.00195e-12	199799480	457	457	240	52.5164113785558	8.51970181043663	0.001	1.001
4	200023620	200436976	8.91466e-11	200075411	662	662	101	15.2567975830816	3.58537451189208	0.048	0.939
4	214454771	214504355	2.73173e-09	214488195	168	168	8	4.76190476190476	0.283990060347888	1.001	0.001
4	215713849	215855370	2.20566e-13	215777558	908	908	85	9.36123348017621	3.01739439119631	1.001	0.001
4	235548974	235626955	3.04217e-10	235578518	120	120	14	11.6666666666667	0.496982605608804	0.715	0.202
4	241430551	241469046	3.99396e-12	241440551	151	151	65	43.046357615894	2.30741924032659	0.001	1.001
5	3592352	3656320	2.26511e-10	3606169	169	169	81	47.9289940828402	2.87539936102236	0.001	1.001
5	4078296	4131418	1.0297e-18	4098347	402	402	225	55.9701492537313	7.98722044728435	0.001	1.001
5	7105415	7223170	4.04193e-11	7131058	298	298	49	16.4429530201342	1.73943911963081	0.066	0.915
5	7500169	7570071	3.4427e-13	7541300	684	684	143	20.906432748538	5.07632232871849	0.001	1.001
5	8842466	8918241	2.17425e-17	8874455	351	351	143	40.7407407407407	5.07632232871849	0.001	1.001
5	9941494	10186078	1.91852e-13	10175971	533	533	215	40.3377110694184	7.63223287184949	0.001	1.001
5	10676377	10752169	8.22059e-12	10741782	183	183	62	33.879781420765	2.20092296769613	0.001	1.001
5	20521681	20625111	2.77744e-10	20563859	243	243	37	15.2263374485597	1.31345402910898	0.205	0.745
5	24977811	25119981	2.30658e-11	25043327	578	578	92	15.916955017301	3.26588569400071	0.056	0.933
5	25424781	25724689	2.48512e-13	25598803	1999	1999	406	20.3101550775388	14.4124955626553	0.001	1.001
5	31416764	31455154	5.44533e-12	31445154	241	241	100	41.49377593361	3.5498757543486	0.001	1.001
5	31825300	31855179	9.45069e-12	31835300	141	141	51	36.1702127659574	1.81043663471778	0.001	1.001
5	50566200	50678356	2.29204e-14	50638678	214	214	17	7.94392523364486	0.603478878239262	0.999	0.003
5	55207402	55290670	2.33453e-10	55246691	225	225	10	4.44444444444444	0.35498757543486	1.001	0.001
5	92325443	92346272	1.86815e-16	92335443	103	103	75	72.8155339805825	2.66240681576145	0.001	1.001
5	96699749	96764950	4.84789e-12	96717361	106	106	47	44.3396226415094	1.66844160454384	0.001	1.001
5	96994970	97393943	1.31216e-13	97072524	395	395	144	36.4556962025316	5.11182108626198	0.001	1.001
5	147277901	147506110	2.19402e-10	147475695	486	486	257	52.880658436214	9.1231806886759	0.001	1.001
5	150661015	150780998	2.97978e-16	150756652	210	210	80	38.0952380952381	2.83990060347888	0.001	1.001
5	156127251	156157502	5.22232e-10	156137296	103	103	54	52.4271844660194	1.91693290734824	0.001	1.001
5	162415089	162467584	3.98192e-15	162427466	269	269	131	48.6988847583643	4.65033723819666	0.001	1.001
5	167676793	167708150	2.22371e-10	167695547	102	102	49	48.0392156862745	1.73943911963081	0.001	1.001
5	207720289	207762573	3.85255e-09	207748487	137	137	70	51.0948905109489	2.48491302804402	0.001	1.001
5	218851823	218920264	1.81243e-12	218883904	263	263	168	63.8783269961977	5.96379126730564	0.001	1.001
6	15841829	15865279	4.68379e-11	15854501	313	313	127	40.5750798722045	4.50834220802272	0.001	1.001
6	33445010	33471037	1.92587e-10	33461037	108	108	27	25	0.958466453674121	0.001	1.001
6	35649313	35761877	8.71498e-09	35702209	148	148	32	21.6216216216216	1.13596024139155	0.002	0.997
6	66255582	66306877	1.64527e-10	66282598	194	194	44	22.680412371134	1.56194533191338	0.001	1.001
6	66566612	66639541	6.15242e-14	66617047	297	297	131	44.1077441077441	4.65033723819666	0.001	1.001
6	69512744	69661065	6.16619e-16	69557985	479	479	191	39.874739039666	6.78026269080582	0.001	1.001
6	77594259	77749903	7.84512e-14	77656684	152	152	40	26.3157894736842	1.41995030173944	0.001	1.001
6	99738181	99775376	2.78294e-09	99752467	101	101	25	24.7524752475248	0.88746893858715	0.001	1.001
6	103252892	103287646	6.23852e-10	103266777	281	281	98	34.8754448398576	3.47887823926163	0.001	1.001
6	106356137	106389919	3.93707e-12	106377627	171	171	84	49.1228070175439	2.98189563365282	0.001	1.001
6	109017935	109100371	1.70316e-18	109028169	583	583	251	43.0531732418525	8.91018814341498	0.001	1.001
6	114600122	114652462	3.49767e-11	114642279	192	192	7	3.64583333333333	0.248491302804402	1.001	0.001
6	115233694	115313743	8.78453e-11	115281536	212	212	29	13.6792452830189	1.02946396876109	0.467	0.441
6	116723101	116869093	4.55456e-14	116841555	138	138	16	11.5942028985507	0.567980120695776	0.718	0.21
6	120764120	120849693	3.07879e-10	120793723	129	129	40	31.0077519379845	1.41995030173944	0.001	1.001
6	121516534	121542732	3.2141e-13	121528830	202	202	104	51.4851485148515	3.69187078452254	0.001	1.001
6	121995571	122074060	2.93167e-09	122056959	197	197	8	4.06091370558376	0.283990060347888	1.001	0.001
6	124907983	125097004	6.39313e-09	125073900	109	109	10	9.1743119266055	0.35498757543486	0.876	0.073
6	125541584	125634878	5.03389e-11	125612710	124	124	62	50	2.20092296769613	0.001	1.001
6	125919107	126176947	1.61291e-14	126010518	332	332	139	41.8674698795181	4.93432729854455	0.001	1.001
6	129369163	129502744	1.59945e-10	129405774	105	105	31	29.5238095238095	1.10046148384807	0.001	1.001
6	133895436	133917381	8.84829e-09	133905973	105	105	63	60	2.23642172523962	0.001	1.001
6	137131489	137199895	6.61542e-13	137189895	312	312	161	51.6025641025641	5.71529996450124	0.001	1.001
6	144685251	144710094	2.51863e-10	144695251	133	133	69	51.8796992481203	2.44941427050053	0.001	1.001
6	145369763	145452069	1.2597e-10	145425735	260	260	86	33.0769230769231	3.05289314873979	0.001	1.001
6	166865051	166909152	4.52961e-11	166877827	167	167	80	47.9041916167665	2.83990060347888	0.001	1.001
7	4391081	4464446	2.23615e-16	4454446	265	265	120	45.2830188679245	4.25985090521832	0.001	1.001
7	6068297	6165546	1.09679e-09	6153557	131	131	13	9.9236641221374	0.461483848065318	0.905	0.052
7	11385496	11429285	5.4456e-17	11404638	298	298	10	3.35570469798658	0.35498757543486	1.001	0.001
7	14997758	15134799	8.2763e-10	15075047	101	101	29	28.7128712871287	1.02946396876109	0.001	1.001
7	15801236	15940611	7.62242e-09	15840491	102	102	17	16.6666666666667	0.603478878239262	0.032	0.946
7	16352776	16424802	4.69935e-13	16414802	108	108	54	50	1.91693290734824	0.001	1.001
7	19261317	19303738	1.88791e-09	19291849	109	109	34	31.1926605504587	1.20695775647852	0.001	1.001
7	21765293	21863253	7.36575e-16	21793494	345	345	147	42.6086956521739	5.21831735889244	0.001	1.001
7	22230607	22252895	4.27422e-17	22242895	102	102	40	39.2156862745098	1.41995030173944	0.001	1.001
7	22563850	22653740	7.12395e-13	22578342	283	283	120	42.4028268551237	4.25985090521832	0.001	1.001
7	26919459	26945372	1.47222e-09	26935372	117	117	76	64.957264957265	2.69790557330493	0.001	1.001
7	30696234	30770668	1.14176e-12	30706968	112	112	59	52.6785714285714	2.09442669506567	0.001	1.001
7	33866557	33894242	4.01584e-17	33879656	109	109	56	51.3761467889908	1.98793042243521	0.001	1.001
7	98419083	98461237	3.71882e-14	98429319	281	281	129	45.9074733096085	4.57933972310969	0.001	1.001
7	99633950	99704081	7.24373e-15	99643950	110	110	50	45.4545454545455	1.7749378771743	0.001	1.001
7	107249406	107292375	5.83481e-10	107260499	121	121	45	37.1900826446281	1.59744408945687	0.001	1.001
7	107892880	108023070	8.12535e-11	107905178	116	116	37	31.8965517241379	1.31345402910898	0.001	1.001
7	158623801	158871964	5.78701e-11	158634492	172	172	52	30.2325581395349	1.84593539226127	0.001	1.001
7	161566219	161625512	2.72773e-14	161594787	782	782	358	45.7800511508951	12.708555200568	0.001	1.001
7	162034367	162207226	6.00871e-10	162113357	353	353	148	41.9263456090652	5.25381611643592	0.001	1.001
7	162943405	163010116	5.35261e-11	162981673	805	805	299	37.1428571428571	10.6141285055023	0.001	1.001
7	164901752	165027126	2.17932e-12	164964053	175	175	70	40	2.48491302804402	0.001	1.001
7	173843946	173928293	1.39904e-12	173904085	473	473	160	33.8266384778013	5.67980120695776	0.001	1.001
7	175605268	175647732	1.42849e-09	175619101	187	187	103	55.0802139037433	3.65637202697906	0.001	1.001
7	177659584	177718233	1.11778e-14	177687704	699	699	274	39.1988555078684	9.72665956691516	0.001	1.001
7	177988558	178198651	4.85316e-14	178156336	364	364	147	40.3846153846154	5.21831735889244	0.001	1.001
7	179091386	179146816	1.0268e-09	179117173	159	159	77	48.4276729559748	2.73340433084842	0.001	1.001
7	179319522	179447442	7.71094e-26	179355930	142	142	55	38.7323943661972	1.95243166489173	0.001	1.001
7	179615851	179691352	1.36855e-12	179648677	373	373	134	35.9249329758713	4.75683351082712	0.001	1.001
7	179989555	180157096	5.27289e-11	180000411	282	282	128	45.3900709219858	4.5438409655662	0.001	1.001
8	6760091	6926372	3.62664e-10	6869842	225	225	38	16.8888888888889	1.34895278665247	0.087	0.889
8	11657074	11712003	2.38619e-11	11696393	118	118	74	62.7118644067797	2.62690805821796	0.001	1.001
8	16458141	16500103	1.589e-12	16468141	108	108	70	64.8148148148148	2.48491302804402	0.001	1.001
8	17370980	17424727	2.28809e-10	17392793	138	138	100	72.463768115942	3.5498757543486	0.001	1.001
8	19933121	20165585	4.34689e-11	19982358	144	144	44	30.5555555555556	1.56194533191338	0.001	1.001
8	22595438	22657824	1.16871e-16	22643669	552	552	325	58.8768115942029	11.5370962016329	0.001	1.001
8	24722859	24797123	5.53174e-13	24756692	262	262	109	41.6030534351145	3.86936457223997	0.001	1.001
8	73197620	73344140	4.30751e-12	73251649	109	109	42	38.5321100917431	1.49094781682641	0.001	1.001
8	109465351	109630696	2.96667e-09	109540903	158	158	65	41.1392405063291	2.30741924032659	0.001	1.001
8	109932158	110118274	1.0499e-24	109971976	325	325	35	10.7692307692308	1.24245651402201	0.883	0.088
8	110376405	110495594	4.36264e-31	110395135	300	300	78	26	2.76890308839191	0.001	1.001
8	112556355	112646194	9.42656e-10	112581727	123	123	29	23.5772357723577	1.02946396876109	0.001	1.001
8	112833115	112862493	2.80024e-10	112852493	187	187	22	11.7647058823529	0.780972665956692	0.737	0.205
8	119500397	119551021	4.55414e-12	119510804	130	130	37	28.4615384615385	1.31345402910898	0.001	1.001
8	157357058	157403212	2.5052e-13	157367579	126	126	62	49.2063492063492	2.20092296769613	0.001	1.001
8	160696183	160719794	8.39273e-13	160708779	472	472	172	36.4406779661017	6.10578629747959	0.001	1.001
8	168944067	169037212	1.39119e-11	169006817	188	188	95	50.531914893617	3.37238196663117	0.001	1.001
8	177127668	177170432	4.52109e-10	177155426	116	116	33	28.448275862069	1.17145899893504	0.001	1.001
8	178265863	178393558	2.38211e-11	178277963	509	509	264	51.8664047151277	9.3716719914803	0.001	1.001
8	178609532	178712611	6.13217e-10	178663908	171	171	72	42.1052631578947	2.55591054313099	0.001	1.001
9	699422	780778	6.20715e-10	757415	106	106	57	53.7735849056604	2.0234291799787	0.001	1.001
9	971237	1748377	1.09813e-16	1147525	3150	3150	872	27.6825396825397	30.9549165779198	0.001	1.001
9	3948332	4146788	7.43401e-14	4037779	569	569	247	43.4094903339192	8.76819311324104	0.001	1.001
9	4551003	4642292	1.50489e-13	4608376	2070	2070	774	37.3913043478261	27.4760383386581	0.001	1.001
9	4955711	5101715	2.58106e-10	4972416	485	485	274	56.4948453608247	9.72665956691516	0.001	1.001
9	5370524	5525656	9.36734e-12	5435427	237	237	142	59.915611814346	5.04082357117501	0.001	1.001
9	5771884	5805867	2.30141e-09	5795867	162	162	96	59.2592592592593	3.40788072417465	0.001	1.001
9	6667932	6721670	3.47449e-15	6693955	749	749	350	46.7289719626168	12.4245651402201	0.001	1.001
9	7697872	7854251	1.07974e-11	7841560	330	330	166	50.3030303030303	5.89279375221867	0.001	1.001
9	7958727	7991492	1.82405e-11	7981492	357	357	201	56.3025210084034	7.13525026624068	0.001	1.001
9	8352660	8717445	3.93972e-13	8372099	496	496	209	42.1370967741936	7.41924032658857	0.001	1.001
9	9605168	9734206	6.33468e-10	9662636	151	151	85	56.2913907284768	3.01739439119631	0.001	1.001
9	11136612	11199460	2.84358e-14	11161798	189	189	118	62.4338624338624	4.18885339013135	0.001	1.001
9	11791263	11847816	4.35411e-10	11805533	183	183	93	50.8196721311475	3.3013844515442	0.001	1.001
9	11964216	12017595	1.74855e-11	11974216	101	101	35	34.6534653465347	1.24245651402201	0.001	1.001
9	12654152	12716710	8.05197e-11	12664152	142	142	93	65.4929577464789	3.3013844515442	0.001	1.001
9	12880304	12909661	1.16284e-10	12897973	120	120	81	67.5	2.87539936102236	0.001	1.001
9	13403461	13449359	5.09657e-13	13439359	115	115	48	41.7391304347826	1.70394036208733	0.001	1.001
9	14379857	14428775	5.89162e-12	14410346	125	125	72	57.6	2.55591054313099	0.001	1.001
9	15673062	15744386	5.33453e-10	15710032	174	174	79	45.4022988505747	2.80440184593539	0.001	1.001
9	16215536	16269091	1.76388e-10	16259020	134	134	66	49.2537313432836	2.34291799787007	0.001	1.001
9	17505932	17554941	6.81166e-11	17521706	426	426	218	51.1737089201878	7.73872914447994	0.001	1.001
9	17749640	17798636	2.63389e-10	17788636	247	247	128	51.8218623481781	4.5438409655662	0.001	1.001
9	48888732	48966554	1.26437e-11	48906407	188	188	74	39.3617021276596	2.62690805821796	0.001	1.001
9	52028838	52070672	1.7445e-10	52043307	229	229	98	42.7947598253275	3.47887823926163	0.001	1.001
9	104410946	104565442	1.35014e-10	104550983	285	285	117	41.0526315789474	4.15335463258786	0.001	1.001
9	108575107	108612173	9.22963e-13	108587874	221	221	109	49.3212669683258	3.86936457223997	0.001	1.001
9	110033778	110122622	8.13516e-12	110059454	284	284	56	19.7183098591549	1.98793042243521	0.002	1
9	111817006	111914219	8.09373e-11	111862372	174	174	15	8.62068965517241	0.53248136315229	0.98	0.01
9	116722121	116773929	2.47186e-10	116763405	139	139	5	3.59712230215827	0.17749378771743	1.001	0.001
9	119273914	119394904	8.94627e-176	119359767	438	438	62	14.1552511415525	2.20092296769613	0.383	0.567
9	121962949	122010094	2.07905e-09	121999901	169	169	8	4.73372781065089	0.283990060347888	1.001	0.001
9	122870940	122930948	6.8521e-12	122889720	341	341	144	42.2287390029325	5.11182108626198	0.001	1.001
9	129959579	129990785	4.45834e-11	129977483	122	122	34	27.8688524590164	1.20695775647852	0.001	1.001
9	139117436	139251699	1.93355e-20	139194903	998	998	421	42.184368737475	14.9449769258076	0.001	1.001
9	141966618	142016903	1.51887e-13	141984334	188	188	88	46.8085106382979	3.12389066382677	0.001	1.001
9	143298656	143346981	8.79629e-18	143320191	398	398	180	45.2261306532663	6.38977635782748	0.001	1.001
9	143455428	143584742	3.13723e-11	143572541	310	310	164	52.9032258064516	5.8217962371317	0.001	1.001
9	145889282	146508194	4.06023e-16	146148376	1875	1875	702	37.44	24.9201277955272	0.001	1.001
9	146631685	146657935	1.36748e-10	146642787	268	268	145	54.1044776119403	5.14731984380547	0.001	1.001
9	146827540	146860219	1.73211e-14	146838187	904	904	468	51.7699115044248	16.6134185303514	0.001	1.001
9	147309948	147426220	3.95038e-10	147332729	340	340	209	61.4705882352941	7.41924032658857	0.001	1.001
9	147573243	147652707	1.33245e-15	147599352	1079	1079	522	48.3781278962002	18.5303514376997	0.001	1.001
9	148305363	148940769	2.2896e-15	148356140	4203	4203	1103	26.2431596478706	39.155129570465	0.001	1.001
9	152285854	152317828	9.75854e-10	152307771	105	105	58	55.2380952380952	2.05892793752219	0.001	1.001
9	154740173	154993651	3.3551e-14	154812216	1422	1422	253	17.7918424753868	8.98118565850195	0.001	1.001
9	155099150	155136365	2.35435e-12	155116017	1100	1100	187	17	6.63826766063188	0.002	1
9	155621623	155688435	1.39223e-11	155650789	103	103	9	8.7378640776699	0.319488817891374	0.89	0.062
9	156560940	156626749	2.15037e-10	156607239	146	146	12	8.21917808219178	0.425985090521832	0.965	0.018
9	157057443	157136709	1.44666e-09	157107677	175	175	8	4.57142857142857	0.283990060347888	1.001	0.001
9	157454749	157657376	2.10768e-14	157468898	1352	1352	340	25.1479289940828	12.0695775647852	0.001	1.001
10	678225	754308	4.9204e-14	721005	168	168	87	51.7857142857143	3.08839190628328	0.001	1.001
10	7848113	7924663	1.98727e-09	7858113	110	110	55	50	1.95243166489173	0.001	1.001
10	8232672	8252672	3.51298e-12	8242672	170	170	96	56.4705882352941	3.40788072417465	0.001	1.001
10	8741246	8914890	4.87971e-12	8871181	352	352	199	56.5340909090909	7.06425275115371	0.001	1.001
10	9142044	9165058	1.12843e-10	9155058	154	154	84	54.5454545454545	2.98189563365282	0.001	1.001
10	9305433	9435034	2.46531e-11	9315433	240	240	137	57.0833333333333	4.86332978345758	0.001	1.001
10	9900859	10013562	9.51456e-13	9931154	183	183	99	54.0983606557377	3.51437699680511	0.001	1.001
10	10576386	10691244	1.59938e-11	10680220	444	444	275	61.9369369369369	9.76215832445864	0.001	1.001
10	10905723	11097611	1.34579e-13	10915723	396	396	184	46.4646464646465	6.53177138800142	0.001	1.001
10	11334593	11370172	6.22205e-15	11346020	385	385	173	44.9350649350649	6.14128505502307	0.001	1.001
10	11838132	11895879	8.66753e-11	11849317	108	108	66	61.1111111111111	2.34291799787007	0.001	1.001
10	12132045	12152045	1.00543e-12	12142045	138	138	74	53.6231884057971	2.62690805821796	0.001	1.001
10	12333287	12361869	1.44154e-10	12349456	204	204	121	59.3137254901961	4.2953496627618	0.001	1.001
10	12764711	12784711	2.00903e-12	12774711	133	133	64	48.1203007518797	2.2719204827831	0.001	1.001
10	13240140	13363627	4.44986e-15	13288469	478	478	283	59.2050209205021	10.0461483848065	0.001	1.001
10	13688714	13749011	9.13147e-14	13716734	464	464	267	57.5431034482759	9.47816826411076	0.001	1.001
10	16573016	16659696	2.63564e-11	16585376	163	163	89	54.601226993865	3.15938942137025	0.001	1.001
10	16860349	16903083	3.39192e-12	16881543	127	127	72	56.6929133858268	2.55591054313099	0.001	1.001
10	18414025	18552397	4.65177e-14	18427508	220	220	140	63.6363636363636	4.96982605608804	0.001	1.001
10	19899124	20091281	1.09189e-13	19916216	319	319	108	33.8557993730408	3.83386581469649	0.001	1.001
10	20231646	20295113	4.03697e-12	20264678	120	120	73	60.8333333333333	2.59140930067448	0.001	1.001
10	20853136	20897001	2.76427e-12	20886533	194	194	117	60.3092783505155	4.15335463258786	0.001	1.001
10	21406246	21558258	2.25043e-16	21457435	415	415	223	53.7349397590361	7.91622293219737	0.001	1.001
10	29303630	29375205	3.62672e-15	29339507	526	526	261	49.6197718631179	9.26517571884984	0.001	1.001
10	29553652	29780201	2.87806e-13	29648704	203	203	48	23.6453201970443	1.70394036208733	0.001	1.001
10	33131671	33304339	2.48326e-12	33211096	106	106	41	38.6792452830189	1.45544905928293	0.001	1.001
10	35678178	35791092	1.30505e-09	35721497	171	171	47	27.4853801169591	1.66844160454384	0.001	1.001
10	61526796	61629471	8.59146e-11	61569135	176	176	112	63.6363636363636	3.97586084487043	0.001	1.001
10	71823500	71873161	1.12045e-10	71862510	100	100	68	68	2.41391551295705	0.001	1.001
10	73614095	73655529	4.00534e-14	73625667	335	335	218	65.0746268656716	7.73872914447994	0.001	1.001
10	74198186	74349696	6.51077e-16	74270788	925	925	497	53.7297297297297	17.6428824991125	0.001	1.001
10	75237784	75282033	7.41747e-16	75265450	109	109	72	66.0550458715596	2.55591054313099	0.001	1.001
10	75968043	76038485	1.9564e-13	75992854	373	373	235	63.0026809651475	8.3422080227192	0.001	1.001
10	80151465	80284295	5.44358e-09	80209303	169	169	56	33.1360946745562	1.98793042243521	0.001	1.001
10	82416164	82533647	2.88039e-14	82523647	102	102	50	49.0196078431373	1.7749378771743	0.001	1.001
10	83905377	84144106	2.29233e-14	84040480	490	490	222	45.3061224489796	7.88072417465389	0.001	1.001
10	84402392	84449120	1.07075e-13	84439120	171	171	92	53.8011695906433	3.26588569400071	0.001	1.001
10	84663715	84684383	1.34285e-12	84674147	303	303	173	57.0957095709571	6.14128505502307	0.001	1.001
10	85501404	85662458	9.5213e-14	85511756	351	351	192	54.7008547008547	6.81576144834931	0.001	1.001
10	99642301	99725477	1.49088e-12	99653680	383	383	206	53.7859007832898	7.31274405395811	0.001	1.001
10	100332755	100405234	2.50243e-13	100362018	125	125	78	62.4	2.76890308839191	0.001	1.001
10	100636450	100671440	1.21602e-09	100647728	107	107	43	40.1869158878505	1.5264465743699	0.001	1.001
10	101246308	101385919	3.71694e-11	101256308	199	199	118	59.2964824120603	4.18885339013135	0.001	1.001
10	110700799	110798871	8.83476e-12	110737798	139	139	70	50.3597122302158	2.48491302804402	0.001	1.001
10	111090452	111134320	3.27025e-12	111112981	104	104	54	51.9230769230769	1.91693290734824	0.001	1.001
10	113098256	113118256	9.98277e-13	113108256	148	148	64	43.2432432432432	2.2719204827831	0.001	1.001
10	113825805	113935742	6.55121e-10	113925733	268	268	126	47.0149253731343	4.47284345047923	0.001	1.001
10	114238415	114475659	2.70436e-12	114248795	330	330	111	33.6363636363636	3.94036208732694	0.001	1.001
10	114709900	114799931	6.86226e-11	114775227	179	179	89	49.7206703910615	3.15938942137025	0.001	1.001
10	115341688	115698587	3.36598e-12	115580023	450	450	204	45.3333333333333	7.24174653887114	0.001	1.001
10	115898250	115965451	2.16939e-11	115946577	236	236	165	69.9152542372881	5.85729499467519	0.001	1.001
10	116404240	116427768	2.87139e-13	116414240	178	178	86	48.314606741573	3.05289314873979	0.001	1.001
10	117801752	117908868	5.44559e-12	117858591	176	176	12	6.81818181818182	0.425985090521832	0.999	0.001
10	118489074	118517205	1.58003e-14	118501906	144	144	68	47.2222222222222	2.41391551295705	0.001	1.001
10	118808264	118869415	3.77092e-09	118832295	144	144	36	25	1.2779552715655	0.001	1.001
10	119097296	119367566	1.13857e-13	119200218	136	136	70	51.4705882352941	2.48491302804402	0.001	1.001
10	119724682	119780269	3.35934e-11	119770269	104	104	44	42.3076923076923	1.56194533191338	0.001	1.001
10	126744948	126899050	2.90906e-10	126888349	467	467	64	13.7044967880086	2.2719204827831	0.527	0.43
10	128455028	128658088	1.57413e-11	128591106	114	114	47	41.2280701754386	1.66844160454384	0.001	1.001
10	131430171	131486061	8.30737e-12	131468037	343	343	97	28.2798833819242	3.44337948171814	0.001	1.001
10	135663465	135701061	2.09925e-14	135687307	104	104	35	33.6538461538462	1.24245651402201	0.001	1.001
10	136853054	136947345	1.29708e-11	136931403	117	117	27	23.0769230769231	0.958466453674121	0.003	0.999
10	137448597	137542293	5.79025e-10	137513482	169	169	14	8.28402366863905	0.496982605608804	0.978	0.011
10	139134450	139199076	8.29422e-10	139149014	115	115	53	46.0869565217391	1.88143414980476	0.001	1.001
10	139440895	139524061	2.25669e-10	139499399	138	138	33	23.9130434782609	1.17145899893504	0.001	1.001
10	139714699	139801859	2.22642e-10	139759274	238	238	155	65.1260504201681	5.50230741924033	0.001	1.001
10	140723543	140842998	7.15027e-13	140832854	359	359	183	50.974930362117	6.49627263045793	0.001	1.001
10	142242195	142437145	8.3682e-11	142376580	115	115	41	35.6521739130435	1.45544905928293	0.001	1.001
10	143286538	143324526	1.81412e-10	143312803	182	182	79	43.4065934065934	2.80440184593539	0.001	1.001
10	147297529	147376429	1.94974e-11	147316834	102	102	39	38.2352941176471	1.38445154419595	0.001	1.001
10	148702900	148831606	1.05891e-12	148821606	328	328	217	66.1585365853659	7.70323038693646	0.001	1.001
10	149152383	149409853	5.03076e-12	149174771	330	330	200	60.6060606060606	7.0997515086972	0.001	1.001
10	149567347	149638815	8.14024e-14	149613752	283	283	162	57.243816254417	5.75079872204473	0.001	1.001
