line	AGY	EH	ERN	KR	PH
030-1	68.97674669	104.2792517	13.25144424	24.87237899	212.9936727
1101	69.60759117	108.2147977	13.14370222	24.40684487	242.3203237
1145	53.82865455	107.9846364	12.9282565	16.12797858	231.0222285
150-4	66.13050375	88.80090557	11.34832122	22.25564339	231.0608336
1538	98.74125778	91.40334968	14.07730034	28.83962367	249.7714119
1614	96.57455734	114.7541407	12.26822802	28.25515437	261.4172474
18	87.89074235	111.8185565	14.85514878	23.79387574	228.6245064
2005	44.55914103	104.790108	13.0470827	20.67199443	217.5912948
20837	53.94739979	88.66106993	13.14370222	19.82739324	213.5791503
2MA22	59.30216078	70.60667837	14.01323161	17.12603591	226.3571909
3335	83.48771183	73.75630009	13.01793145	27.41349127	226.2995447
468-3	120.4399053	92.00542778	15.87268135	29.00259347	227.4602525
4722	63.18607612	66.09486054	13.54889803	20.55733941	191.5815922
5707	82.15312254	92.04776441	14.43637655	24.39054789	233.8918702
6	71.58804691	97.32700817	12.35373458	24.81426939	216.8541772
7146	69.98037018	87.36336501	13.56445867	22.63171999	201.3864226
7236	78.51488771	119.5537108	14.97405804	25.87841236	262.6538493
7327	78.15545345	123.1531678	15.04357947	25.4796106	228.6930575
75-364	64.60047654	92.54372632	12.5691803	20.83780606	216.9188666
757	74.36936158	87.55338373	17.16535567	25.33577278	228.380069
78010	57.85289336	87.46994129	14.36456131	17.02431253	199.7367004
785	90.08398762	98.24405991	13.79003938	23.29865017	239.6826269
78551S	51.05048501	70.47982196	12.2855845	20.68999141	226.5634508
7903E	75.40881788	81.88723193	16.79950878	24.70145754	196.6835105
807	89.94284045	65.72590113	14.43637655	26.76990709	208.9272747
84-126-15-1	58.45670435	97.02636444	17.3240983	24.79960099	199.536166
897	66.24022039	97.72357109	16.87809471	19.40367174	234.2521839
8982	74.20350863	105.9287961	16.23175755	22.09267358	220.6419083
9058	100.3103849	84.16607653	13.93366986	25.62911843	241.2783021
91huang15	82.36673862	98.59105246	15.36309701	24.70585431	233.0168225
91huang5	26.96571239	79.04794175	12.89763375	17.65905521	164.5552475
96201	51.95179775	114.7014208	13.2873327	19.06143514	235.8092541
9702	92.51860351	84.70887202	17.81169283	23.70607469	218.7046456
9710	38.69534563	106.3488144	11.05071241	13.34251629	273.3976992
99122	181.7085304	107.2489471	16.23836655	37.12643573	275.9991418
A554	107.9143606	65.20541231	13.14780151	20.51734308	197.9377053
A619	50.21508409	44.79385797	13.48111607	16.50247893	173.4971824
Ay420	68.48055542	74.5742111	15.40800577	20.1190089	179.2013903
B09	54.14855452	108.3691521	12.24420391	20.34861349	223.611914
B7	28.0306721	45.89775553	12.21951714	16.29680371	155.6780498
B73	78.85440921	111.7550874	16.98408856	23.13382123	254.3635771
B98	62.079209	104.4651406	14.94164967	23.74045771	254.7900677
baiU8112	53.37796064	110.5755776	12.78327027	19.79904117	233.0708368
BCC03	63.23308199	78.39478766	13.351461	25.69195038	239.4867247
BM	99.58519442	106.6140159	13.50277842	28.43219914	229.9464346
C521	42.0807772	97.98537319	12.67132086	15.162152	220.0981644
C8605-2	90.51397658	80.84486215	14.86726799	28.28552632	253.4260228
CAUCHANG72	83.44016147	100.9625966	15.54253352	24.04301243	205.4525961
CAUMo17	74.54091819	95.87472514	11.63700345	23.98987793	248.6196312
CAUZHENG58	70.01927753	65.55821436	12.71858772	20.28875836	177.1908865
chang69	45.34850424	78.79002278	14.88991303	20.36034104	208.7086962
chang72	66.4397621	114.8753123	13.2873327	22.32083132	219.3376009
changK	41.16551572	78.63898095	13.24715999	18.52085945	221.950043
chengzi2142	103.6366169	101.1200626	15.08271371	26.80250106	244.2226712
chong72	68.14864492	87.02470657	15.58542039	14.87311106	199.7755232
Co109	40.89744779	67.72326305	12.30995241	18.07828497	204.2714731
D1139	48.06600603	68.35313042	12.53965634	21.04049757	169.7817594
d140	69.20826774	95.22181089	14.14036353	24.64190894	220.0438783
D15	68.3763809	110.3979176	16.45514058	24.94169167	255.0372324
dan598	60.62881908	95.19548252	17.14560819	18.66271622	217.4332528
DF27	77.48932166	85.90115724	13.35914794	27.14473765	215.6051228
DF32	81.97811486	96.55866753	12.9282565	25.90616711	233.73745
DH65232-DH9	58.45253195	66.8660195	14.43637655	19.38737476	195.8530329
DM07	93.77412182	86.89244655	15.22634419	27.64994406	222.3103568
DM101B	108.0987004	106.9436588	13.21551746	28.44849612	248.5875238
E28	76.90741401	109.1954232	15.16535994	21.61034518	202.546838
E601	28.44216766	103.4675153	14.62269514	10.80745263	240.512199
E8501	63.39561933	70.03852279	13.43096318	24.26017204	235.5518871
equn3	100.6944155	93.10553457	13.86185462	27.9595867	218.9985056
equn4	93.0967829	102.1824253	13.79003938	23.60829281	221.4507511
F7584	90.00512452	89.35325953	15.01089847	29.98041233	260.544674
fangyin	51.21519854	86.29760219	13.92537133	18.05196795	202.2099969
FBHJ	61.46716044	80.91921769	11.8510279	23.11938338	259.9116703
fu8527	75.8686713	64.21400503	16.23175755	24.39054789	189.3287803
fu8701	55.00020782	107.1419402	14.07730034	18.99624722	216.4938634
fu96	75.87646573	96.16210462	15.58542039	20.38149059	231.2409905
gan41	94.81079537	109.9922362	16.94990995	22.80974074	228.8732144
GN4095	67.91421416	91.00171493	13.27857676	21.11592622	203.2193737
H114	81.47942719	96.28603053	13.71822414	22.56528603	207.5117564
hai9-21	63.21001715	93.98001442	14.49175994	17.7309071	209.3816612
han21	60.78519564	144.8202731	14.02065702	18.32855019	310.3080702
han49	53.77003335	78.26720322	13.89748986	18.01333571	195.0294586
HB8229	33.717444	78.25966898	11.63117979	13.37963623	197.0758067
HBAI	26.14005384	48.968773	12.99661687	12.58832063	149.4335884
HHe01	72.26057657	101.0447855	13.43096318	25.84097919	258.7020455
huangchangb	62.98129758	90.02529356	14.2650366	25.10454026	238.2902716
huobai	35.87638064	99.21068201	11.63929411	14.31003463	206.2506582
huotanghuang	85.9464735	106.1237737	12.28191934	27.87810179	225.234598
IBB14	81.59454727	100.1730574	14.93908323	23.57569884	229.6719753
J8606	74.21767299	109.7691695	13.21551746	22.53269207	262.6654968
ji432	66.48938202	107.6872143	12.35373458	20.78891511	222.799354
ji434	93.10454498	104.8121331	17.52443187	24.34165694	248.7934174
ji63	92.28954518	86.15597351	15.29815943	25.98765201	221.0965982
ji833	63.36372104	119.3517575	13.92248835	26.39764856	239.6311045
ji846	98.69845845	110.1385167	12.9282565	29.67076969	270.1937425
jian1495b	86.13015109	101.4308511	16.08812707	29.4915029	239.3880468
K10	69.05231332	81.82406258	12.72213044	19.2225392	202.0727894
K14	43.6899996	70.01373761	17.01059359	19.36549526	174.8004152
K22	59.26277497	86.28520959	15.96345284	19.62216928	202.2743386
KP3130	65.52710514	100.5490818	15.15452895	21.29412152	273.9896432
L061M	64.82518276	98.19448954	14.65182227	21.01707285	210.3170563
L139	71.17149008	82.50394382	14.42762474	19.91923907	236.5514416
L473	63.9725854	86.92242195	15.67966768	18.83361258	237.5834434
lan766-4-2	59.19881026	92.52528915	12.78965253	23.03293278	234.5407862
LH127	90.323315	86.39674291	12.06647362	27.35659841	230.4431529
LH162	56.26106633	88.15649084	13.14370222	27.74772595	195.2868256
LH215	80.28719303	101.0200003	13.14370222	18.21399214	262.8456537
LH60	75.89609424	82.95160262	14.0054851	22.92381961	244.4439157
LH82	83.43035337	81.06792878	18.81710619	22.27194037	199.6749323
LH93	65.49111612	91.38352153	13.57459366	22.94011659	222.0581372
liao2204	64.1598446	95.6416158	16.16230402	20.79960512	213.5341433
liao5110	79.46943083	85.73325269	16.30357279	25.33577278	189.3903585
liao7794	78.97730184	80.52265478	14.22093082	26.00394899	215.5030006
Lo1067	74.78186973	94.89558182	15.36997467	19.59923551	212.9550677
longkang1	196.4491906	120.3811797	16.80627947	39.26969142	280.6242951
Lp215D	40.77380303	79.87824005	12.85913014	13.7110905	240.3003076
luosu3	48.57126868	90.33162868	11.38911149	20.86025991	203.8088594
Lx9801	62.14165018	86.66937992	12.5691803	21.50598227	228.1654552
M101	59.61883573	96.40561808	13.73338743	18.44575607	251.0717959
M22	123.2817827	98.46712655	14.86726799	30.43672779	264.9689311
M3	53.35884727	96.57658256	13.45915389	18.81607728	249.8675613
M3736	29.18125651	124.5163528	11.8611185	17.54788611	243.7747616
MBUB	67.37482687	68.9231896	15.33674928	20.33507874	229.6195786
MDF-13D	42.05407885	98.2824359	12.02567466	17.56909214	222.9619545
mei68113	48.59573647	98.98968932	14.65006118	21.69217679	234.8787071
MM402A	52.67684339	77.74818435	13.16788379	20.5027123	228.4896967
MO113	60.01460213	70.60858198	12.28191934	25.36836674	205.6329775
MP	71.01355625	117.3385641	15.22634419	29.57298781	245.0461544
Ms71	60.22180946	81.36535097	13.43096318	21.52227925	216.8027038
N68a	49.85619155	96.08275256	14.23902126	18.58265709	220.0537767
nan21-3	66.86251459	97.847497	12.9282565	20.4629755	220.9205752
niu2-1	57.93704456	115.2466948	13.4881212	20.49616892	231.1946644
NN14B	75.67998127	112.6996098	13.94319812	28.54459249	238.5395115
NS501	151.0612828	85.40533563	14.55120238	36.10517551	270.7210828
P167	39.7587441	101.3422077	12.00953147	13.66016685	228.7573993
PHG35	49.48008981	77.5980033	12.5691803	17.69248875	224.3049508
PHG47	39.45996195	54.72128032	14.72780951	20.15983205	185.3524607
PHG71	75.92119545	108.7034067	13.2873327	26.13432484	237.9582682
PHJ40	65.89096582	99.63446048	13.07729689	20.6917905	219.9487084
PHK05	26.09176055	64.46185685	11.05277748	12.00909531	201.7467364
PHK93	89.56385228	82.7037508	13.43096318	24.58611166	236.8387219
PHN29	100.1729445	97.10394154	13.6464089	31.57751645	266.3973178
PHN37	45.30088893	67.90699714	12.36814246	22.0271529	215.9276561
PHR30	77.97102001	85.94972831	14.02766501	24.16256635	234.2928132
PHR55	95.1513614	103.2010963	15.94449659	19.94147211	267.478259
PHT22	63.20725664	78.15757746	12.71281078	22.06007962	212.7966764
PHT69	141.7430727	115.9912178	14.29411552	33.5016456	255.7755639
PHT77	89.51741514	91.97340886	15.36997467	25.93876107	248.407367
PHW03	69.55289909	93.53487533	14.65182227	23.9505294	258.7277822
PHW17	84.11934367	103.3896177	16.80627947	24.42314185	252.3681312
PHW20	53.99066593	90.18887576	12.5691803	22.17415849	185.4425392
PHW30	74.15392947	86.59502437	15.22634419	26.03654296	257.2350538
PHW43	69.88580685	59.8540928	14.29274606	23.7875596	228.0805215
PHWG5	96.26831789	107.4641476	14.58000703	28.22033839	266.6546847
Q1261	39.40711538	104.5897569	13.33659214	15.25724297	215.8648712
qi35	32.85702212	129.9510959	11.60439496	13.85791451	238.3765497
R31	57.78659354	100.6730077	14.0054851	17.44803404	263.9008582
RS710	100.3663903	94.55308137	15.44178991	31.18638891	244.5586257
S22	50.86036465	84.33957281	11.12776866	19.34736626	217.7034881
S311	47.75950008	92.04776441	14.86726799	16.84504574	243.1570809
SC-14	83.15385003	93.7083716	15.36997467	25.4009607	239.0006044
SC-9	69.11474338	90.08356305	14.24018256	23.78650574	236.6252458
SC11-1	82.63991766	90.6703643	13.93366986	26.19951276	237.5137154
SC24-1	98.64179646	90.23844612	16.01631183	27.84550783	233.3771363
SC30-1	79.268731	110.4631546	18.17076903	25.51503957	230.1343125
Sg1533	65.64937954	104.4651406	13.93366986	23.77126261	228.9761612
shen5005	51.65163916	62.31665781	15.44018709	21.46024847	187.2202456
shuang741	77.50095918	97.06429978	15.08271371	22.7608498	216.1018761
shuangM9B-1	81.00523385	93.63401606	14.0054851	25.41725768	257.3380006
SW153	67.89887489	58.78336233	14.14911558	24.40684487	186.4046669
T24	50.19269371	85.80672031	11.4919517	19.56664155	224.2416997
Va26	79.14224015	91.14245769	15.36997467	26.9328769	252.8824387
W182bn	57.58617737	85.38055045	13.77432463	23.56267054	222.799354
W238	50.9525601	101.0846712	13.82785542	19.00903774	229.7519515
W64A	60.03532386	77.35015148	16.37538803	21.58746718	207.0356275
W968	76.99409981	101.5675503	14.72363751	20.41408455	232.7867873
W9706	64.38144512	103.2801786	12.90671873	18.04036904	222.509905
wu109	78.97511997	100.7101855	14.58000703	23.70607469	221.5562716
wu126	71.83263771	83.67037289	11.92284314	20.44667852	208.2066472
XF134	66.65304102	86.4215281	11.99465838	21.6526551	209.5887078
xing230	73.00743851	71.10428562	13.07188698	21.9948917	187.9776038
xingK36	93.22764151	85.06825716	13.00007174	25.97135503	201.6051845
XOP2	86.75744876	77.25101076	14.0054851	23.07049244	257.0806337
xuan6	54.16389815	100.4995115	14.17238905	20.94935592	225.4502338
xun971	70.09075653	105.9026811	14.25377476	23.18853819	236.1824362
yan103	40.54321248	90.70492812	15.33502285	21.01414077	223.6931189
yan156	63.32189467	99.13186384	15.58542039	22.71195886	210.3003383
yan38	57.82854047	74.47507037	13.79003938	21.37560643	196.3291618
yi36	54.14695413	80.10130669	15.25958005	17.83589579	176.601984
yu82	86.41750347	82.85246189	15.58542039	23.07049244	226.2609397
yuanwu05	65.8229882	94.35278634	13.2873327	25.00983316	212.375992
yue39-4	46.77534494	70.75729307	11.00832453	16.03647868	187.3599231
yue89E4-2	37.01495288	122.1865457	13.09830135	12.8686826	239.167893
yun147	26.54327299	67.94607493	11.45210601	12.93799861	179.6152674
Z31B	81.19441238	97.79730095	12.85644126	22.61417697	216.4599294
zaC546	78.56689264	75.03752241	13.44099991	27.99423859	218.3283302
zhangjin6	54.9229536	77.91998265	11.7201024	16.81039209	223.1739352
zhangxi28	39.62833147	69.71503187	13.53421773	17.197983	177.62739
zhong451	73.19178876	100.2564839	14.43637655	22.50009811	201.4485907
zhonger02	74.7305657	113.4709577	16.4982794	21.58533846	255.1483667
zhonghuang64	41.22820547	91.7492725	11.92284314	13.45527372	228.2499933
zhongyin15	66.46324851	95.61683062	13.2873327	26.62323427	184.400203
ZPON7	56.91263636	99.4858175	14.00646427	22.10316487	237.6541711