line	AGY	EH	ERN	KR	PH
030-1/jian1495b	171.7548404	159.8394179	16.15540844	40.25690405	320.7497137
030-1/Va26	132.3894886	153.0194457	14.90253124	35.96279811	322.7594774
1101/7146	154.4447607	134.8078719	14.21584534	40.04851341	307.7107595
1101/chengzi2142	163.9770915	174.4286622	16.28695318	42.37571814	340.920878
1101/d140	162.728261	162.2126682	15.28975311	41.4270487	321.4849931
1101/PHW30	179.9647576	149.4970426	14.06242994	41.6493931	327.6368306
1145/PHT22	154.0035114	137.6327698	15.21304541	34.48990337	306.6181415
1145/S22	162.1086891	148.4680037	13.43260285	36.09616556	317.4611043
1145/Sg1533	196.3913723	156.71672	15.67329159	38.68480108	308.5440761
150-4/78551S	154.0804756	104.5801566	12.83510677	38.77373884	292.073818
150-4/8982	168.6765142	148.1613515	15.80119281	39.45505957	305.0367618
150-4/M101	170.5552003	134.2332955	14.52267613	36.83193106	307.2941011
150-4/PHR30	176.3466318	134.5330745	14.06242994	38.03259083	306.2156914
150-4/W9706	166.3040776	120.0753043	13.43550617	37.458564	291.9796482
1538/807	169.9609342	112.3744105	16.13353778	37.72130867	291.681669
1538/Lp215D	188.0850005	126.3391153	14.03820678	41.19834777	309.2058275
1614/468-3	177.2753707	141.7214377	14.69048793	39.55679948	315.1248295
1614/DM101B	188.5777668	157.0060354	14.13913764	41.10094358	326.4595231
18/C521	194.0596986	142.1274756	13.90901454	38.69962404	292.5640043
18/E8501	166.2834683	139.7532299	15.13633771	39.12948988	315.1533945
18/LH162	177.3104457	129.5367579	16.36366088	37.27661987	297.3433202
18/M3	190.3408041	156.1921068	16.28882707	39.42550083	323.8869058
18/MDF-13D	210.4816797	146.474271	15.98012239	39.76687717	317.244882
18/W968	185.6137131	166.1847399	15.4431685	35.00870697	333.9112146
18/zhangxi28	157.9411521	148.1980003	16.59378397	31.95517719	303.9363253
2005/D1139	169.8549149	137.1061775	16.51707627	37.09874435	283.838689
2005/fu8701	195.3836991	167.8085428	16.74719936	44.74739176	324.1810175
2005/Z31B	199.7859854	156.6667568	16.67049167	38.24011227	326.9750791
20837/2005	172.2507841	141.0936385	16.05683008	39.51488684	303.8985707
20837/fu8701	178.5360257	155.7174567	14.29255303	40.77483845	315.3821743
2MA22/LH162	151.272191	109.9262154	14.75279922	40.92306805	289.5248495
2MA22/zhangxi28	146.5577334	103.8556907	16.67049167	36.0018453	279.3044662
3335/huangchangb	186.3724732	124.7652756	15.67329159	41.10094358	314.573367
3335/PHW43	176.8656568	86.26865642	16.82390706	37.67683979	298.9364256
3335/T24	164.6332177	120.591818	12.91181447	36.9653377	304.1283623
468-3/C521	191.1329945	135.0735938	16.05634533	39.45149425	314.0136202
468-3/fu96	197.8378766	131.8850267	17.43756864	40.55249405	304.696114
468-3/M3	185.8012388	149.4220978	16.44036857	38.99608324	321.7545956
468-3/MDF-13D	190.8217188	141.1282123	16.44036857	42.1681967	325.945688
468-3/MO113	172.1921407	122.9915832	15.98012239	38.4921026	294.9414076
468-3/Ms71	186.0846532	123.1164911	17.05403016	37.45449539	299.3040653
468-3/PHG47	162.8289754	117.3582363	17.09570616	36.96464167	296.2894198
468-3/PHJ40	171.8732195	131.9599714	16.28695318	37.02462954	301.3383382
468-3/R31	195.4482174	140.0540043	17.82110713	44.37681776	326.5829301
468-3/zhangxi28	175.7189395	118.5448614	16.97732246	34.97906105	288.2993839
4722/1101	165.9849008	125.6521218	14.90621462	37.82506939	285.4563037
4722/7903E	165.05876	114.6727161	17.82110713	36.62440962	276.9270629
4722/807	135.4671135	99.80867431	16.51707627	29.10916885	273.8879081
4722/DF27	161.9419418	116.1216479	14.98292231	37.49896427	289.1817192
4722/HB8229	179.213272	112.8615513	17.20744555	37.78060051	287.2454835
4722/IBB14	144.9476667	107.7028545	15.67329159	34.80118553	274.1820199
4722/Sg1533	144.1734881	123.0415463	16.44036857	35.48304169	284.6474963
5707/H114	161.6949239	137.3559933	14.56034336	34.33174424	305.2843375
5707/han49	153.5019983	136.0819326	15.13633771	34.16379824	299.206028
5707/L061M	188.2716637	141.2031571	16.21024548	39.05537508	310.3577652
5707/LH162	172.1310664	125.8394836	14.36926073	41.76797678	289.5738682
5707/MO113	174.0023181	109.3410808	13.26473416	40.66021221	290.5942601
5707/NS501	167.2897777	117.1209112	13.21864526	35.88326162	286.8288252
5707/PHW17	156.8442623	125.2936995	15.83448353	37.32355623	305.6789854
5707/PHW30	190.5649004	141.8027151	14.82950692	40.96753693	330.9946064
5707/xuan6	182.242083	151.0209191	15.67329159	39.02572916	313.2008455
6/L473	185.5242792	126.4640232	17.13073785	41.01200581	303.6912322
6/W238	132.3134185	128.4625498	13.34584806	35.8016414	291.28952
6/yue89E4-2	167.448844	140.6785438	14.98292231	36.01666826	289.5983775
7146/S22	172.6764643	128.4375682	12.6728536	37.08317673	292.1963646
7146/Sg1533	150.4778153	150.7211401	15.03964304	38.79167621	305.161791
7327/hai9-21	169.1610894	150.6461954	17.20744555	36.8171081	321.8526328
7327/ji432	161.1789182	181.8232108	14.56125786	40.9420086	323.200645
7327/yuanwu05	167.1145005	148.6476688	15.4431685	39.54453276	313.9116155
75-364/6	163.1262479	126.1892258	13.83230685	37.05427546	291.4610852
75-364/9058	170.1905083	124.7902571	15.03768001	38.38834187	302.0000896
75-364/chang69	171.7745285	137.555846	14.79823798	37.32994678	310.578349
757/5707	178.1134516	134.8078719	17.13073785	38.84785364	306.9264615
757/BCC03	167.0608772	128.0378629	15.67329159	40.65625477	318.1517266
78010/han49	146.1863561	129.8365369	16.74719936	30.85827814	288.8630981
78010/LH162	164.4647036	113.8859573	15.82813639	37.04641488	285.408942
785/P167	188.1307638	135.157614	13.83230685	42.36089518	303.127518
78551S/M101	189.0031367	112.1995394	14.36926073	39.085021	308.3480016
78551S/Q1261	190.9285762	113.423637	13.90546437	39.91026751	284.6474963
78551S/SC24-1	217.9075292	110.2509759	14.52267613	43.36885647	298.2011462
7903E/7327	187.4218214	149.6968952	18.51147641	41.08612061	311.2155912
7903E/hai9-21	154.3708137	133.0211469	18.81830721	32.01446903	292.6520269
7903E/ji432	165.5897657	155.022429	16.1037929	35.76562025	308.3173522
807/1101	161.8652599	139.7042621	15.3664608	38.98126028	305.3333561
807/7327	178.7986789	123.3163438	16.31882641	38.58760698	299.6717049
807/yan156	168.6875943	131.3354318	16.28695318	34.89012329	295.4315939
84-126-15-1/7327	156.3383862	140.3038201	18.66489181	39.6779394	300.0638539
84-126-15-1/785	143.7331643	145.4874985	16.28695318	37.30626579	307.4289024
84-126-15-1/7903E	166.4982712	128.6124393	19.58538418	39.0109062	286.8288252
84-126-15-1/B7	133.9871809	110.9754418	15.25841627	32.82004669	257.6872525
84-126-15-1/dan598	165.0443769	140.2038938	19.43196879	35.9277305	294.8433704
84-126-15-1/equn3	186.6817205	146.6241605	16.87217095	41.22266011	304.5245488
84-126-15-1/LH215	165.4117472	144.2509102	16.59378397	38.04741379	306.5588218
84-126-15-1/M101	172.5682893	132.9092716	18.66489181	38.31422707	295.676687
84-126-15-1/P167	150.3428566	139.8791332	17.05403016	36.12042898	289.4758309
897/L061M	165.4782961	142.7163639	18.14913754	35.23728986	308.5670076
897/LH82	161.2375694	124.740294	17.78387886	35.80455739	289.0836819
897/yan38	129.2428878	127.4882681	15.36598773	26.88502146	286.0200178
897/zhongyin15	163.1208947	136.1069142	16.21024548	35.43857281	291.6081411
8982/liao2204	111.3185787	134.6795508	15.66170855	30.20606144	258.7333438
8982/xing230	178.252563	134.857835	15.25602306	37.49663078	280.775025
9058/6	178.5027687	126.5639495	14.67609152	39.85581493	294.4512214
9058/W238	145.1040501	119.6690327	15.67329159	35.60162537	287.5641045
9058/yue89E4-2	174.0324736	138.030496	14.98292231	37.35073467	299.1815187
91huang15/1538	188.724303	135.9570247	15.21304541	38.4179878	306.26471
91huang15/IBB14	166.9174717	140.4786912	16.05683008	36.69852442	302.0981269
91huang15/Lp215D	181.3023276	122.0672646	16.51707627	37.76577755	293.9855444
91huang15/M3736	132.4081429	168.5080271	14.98292231	39.81134605	326.8525326
91huang5/chong72	148.9042225	136.2568037	16.82390706	36.1500749	295.8237429
91huang5/mei68113	175.1750739	148.4977793	17.28415325	40.78966141	329.3034638
96201/D15	190.1980692	166.6482166	15.74999929	40.47837925	333.8352683
96201/SC-9	145.776087	147.1237922	13.79959756	41.28932399	310.3087466
96201/yi36	160.4394268	134.4331481	14.82950692	37.39520355	285.8974713
9702/84-126-15-1	154.3529491	128.2377156	19.88960698	34.62356352	305.8235424
9702/equn3	186.8162485	142.0275493	16.28695318	41.93102934	312.2449823
9702/han49	163.3331993	123.1164911	18.8950149	30.63593374	288.7895702
9702/LH162	168.7560867	110.1760312	17.13073785	38.10670563	297.0246992
9702/longkang1	203.591592	134.5330745	19.50867649	38.52174852	311.9998892
9702/Lp215D	165.7642565	119.6690327	18.05123023	36.77263922	309.4264113
9702/MO113	173.5796394	119.7735195	15.63387483	39.44282099	291.3270619
9702/PHG47	149.7539655	107.552965	18.43476872	35.24587433	292.4904764
99122/MBUB	187.2306965	126.9886364	18.35806102	38.47727964	318.1517266
99122/S311	157.5069195	150.4713243	17.46361451	37.41643262	327.4162468
A554/1101	170.0903874	140.3787648	14.41897448	38.45776549	298.5932952
A554/84-126-15-1	142.4306952	115.6469978	15.74286092	37.99111096	266.5596237
A554/MBUB	144.9950365	98.9593005	17.20744555	31.97000015	286.6082413
A554/niu2-1	160.1091416	147.729635	14.07724801	38.1293572	299.653489
A554/yan156	164.588007	132.3596767	16.59378397	36.3724193	287.5150859
A619/7327	178.6346807	134.0584244	15.5198762	41.76797678	317.244882
A619/K22	161.6555048	127.9629182	18.05123023	35.14211361	305.5784493
A619/LH93	155.362093	127.2634338	16.05683008	38.50692556	307.9558526
A619/yi36	166.6243744	121.5176698	16.51707627	36.62440962	284.3778939
Ay420/L061M	161.902678	127.313397	16.74719936	36.4465341	284.4514218
Ay420/zhongyin15	167.6000023	126.6638759	14.75279922	36.49100298	267.8586172
B09/5707	175.9087992	128.9352024	13.29535296	39.17395876	292.1259821
B09/DM07	156.6312629	125.3898151	14.36926073	37.06909843	285.6033595
B09/FBHJ	163.8182278	115.3722004	13.06522987	39.27771948	297.0246992
B7/7327	175.3090274	109.351639	15.13633771	42.1681967	265.5302325
B7/M101	152.2981978	107.0283518	13.52547605	37.66201683	257.8588177
B7/SC30-1	163.4946344	122.6918042	14.98292231	37.63237091	262.196966
B7/yan156	139.6265564	98.60955834	14.4976883	33.35608292	244.0355654
B73/CAUMo17	198.4211154	140.1953258	16.09652561	44.60282789	318.0512424
B98/897	170.0261096	155.342733	16.82390706	38.66997812	336.141562
B98/Ay420	183.2056676	143.8512048	16.59378397	39.57417868	309.9656162
B98/L061M	195.202675	145.6498788	16.65359039	38.93940948	318.2007452
B98/xuan6	160.7460315	146.6991053	16.44036857	37.58790203	322.8330053
baiU8112/B09	163.8853534	137.0562143	15.05963001	40.81930733	300.7010961
baiU8112/DM07	146.4256656	138.8049251	15.37238832	40.32440324	304.2059278
baiU8112/lan766-4-2	183.1085695	141.2031571	15.21304541	38.37351891	307.7597781
BCC03/PHT77	173.487644	130.7358739	14.90621462	41.47151758	318.2497639
BCC03/wu126	151.6113728	120.668296	13.7172453	36.53547186	294.1571096
BM/HHe01	160.9627799	155.342733	14.29255303	39.455595	326.4603836
BM/W9706	202.3493324	144.8254866	14.52267613	39.94475269	328.37211
BM/wu109	192.5361041	148.5977056	14.75279922	38.83303068	325.3819738
C521/equn4	170.9463573	148.7919673	13.06522987	40.83413029	313.4864627
C521/xingK36	170.0921734	152.0826364	13.83230685	40.22638893	309.2303368
C8605-2/liao5110	171.4870379	142.3523099	18.20464562	36.32795042	309.0587717
CAUZHENG58/CAUCHANG72	186.9273759	130.566116	15.80133258	36.69140722	281.3667129
chang69/6	142.2849505	118.2201009	14.27941159	34.24925918	292.4169484
chang69/9058	150.2132999	123.7909938	15.90341469	36.7429933	295.8237429
chang69/yue89E4-2	155.1029331	132.5023909	14.82883945	35.92900206	300.69913
chang72/GN4095	149.5737323	171.7556329	14.13913764	37.14321323	308.7401506
chang72/ji833	168.5605389	173.5543068	16.12005295	36.93582617	320.3085461
chang72/qi35	141.0899219	193.5145915	14.90621462	34.44543449	324.0094523
changK/468-3	183.3100344	126.5139864	17.43756864	39.32218836	308.691132
changK/DM101B	157.3947566	133.8710625	15.90341469	37.57307907	313.789069
chengzi2142/1145	178.1715239	164.6858449	17.20744555	39.2332506	320.0144344
chengzi2142/7146	167.0678654	142.9768494	16.74719936	39.64829348	313.2743734
chengzi2142/d140	204.5814488	166.5344821	17.13073785	42.83522991	334.180817
chong72/20837	168.8131615	125.9893731	17.74439944	33.27442064	287.8091977
chong72/mei68113	175.6637174	129.6203564	19.96892267	37.09874435	290.9932982
Co109/chang72	159.6663776	150.3115691	13.66076908	35.64636779	315.3675431
Co109/huobai	138.4424752	126.7945718	13.90901454	35.73503202	286.7743598
Co109/nan21-3	147.0112048	126.8441763	15.17119816	39.95888965	299.5453964
Co109/shuang741	142.7969424	110.8294551	14.78479289	33.3600842	279.3128751
D1139/H114	147.8785425	128.6873841	13.90901454	35.36445801	267.5399962
D1139/XF134	167.6734199	125.8644652	13.75559915	39.11466692	278.8878079
D1139/zhonger02	179.292504	135.0327061	17.59098404	39.27771948	285.4317943
d140/1145	167.7023081	163.7365448	15.4431685	38.40316483	316.1664723
d140/7146	167.8840001	140.8783965	15.98012239	37.97329899	302.9069342
D15/E28	169.1008472	159.619202	18.06429472	38.91167503	320.4707045
D15/K14	200.664319	161.2383865	20.81270735	40.74519253	328.1270168
D15/yi36	158.1775464	126.5087592	17.64847372	35.98511893	302.7345969
dan598/HBAI	190.4573699	139.1149966	19.2111753	37.849674	318.8270342
dan598/yan156	158.6537641	148.9724293	20.04563037	34.11932936	295.4806125
dan598/ZPON7	181.9291713	153.0694089	19.43196879	36.3724193	330.3573643
DF27/IBB14	175.6032738	137.2061038	14.36926073	41.2788191	302.1716548
DF27/T24	159.9843912	136.1069142	12.60498368	39.2332506	301.7304872
DF32/LH127	181.7467464	130.2862054	13.60218375	42.10890486	292.2453832
DF32/shuangM9B-1	170.7298896	139.1796489	15.05963001	42.56841663	307.4656663
DF32/W182bn	160.2826934	124.3862881	14.67609152	41.5011635	307.8641309
DH65232-DH9/150-4	163.8257913	123.5286872	14.21584534	37.26179691	285.1867012
DH65232-DH9/78551S	172.8415787	102.3318142	15.4431685	36.92086882	286.6082413
DH65232-DH9/PHR30	163.1391225	129.9614448	15.05963001	38.43281076	302.0000896
DM07/2MA22	178.3134501	129.112071	15.28975311	39.09984396	315.2106091
DM07/5707	184.008337	130.1843909	15.5965839	40.07815933	309.613085
DM07/FBHJ	182.5454758	119.9937932	14.36926073	40.34497261	308.225455
DM07/xuan6	180.3272794	145.9496578	16.21024548	39.82616901	325.1368807
DM101B/468-3	183.2373551	139.6667897	15.4431685	38.58104036	314.0341621
DM101B/fu96	189.0620488	134.2083139	16.36366088	39.5297098	317.9066335
DM101B/Ms71	171.7755465	131.685174	15.4431685	39.0109062	310.7008956
DM101B/PHJ40	173.7847381	133.3339585	14.82950692	37.20250507	306.0931448
DM101B/PHR30	155.9639626	134.320731	13.98572224	38.4179878	310.1616907
E28/3335	167.7702111	121.7300132	15.98012239	35.91290754	297.4781215
E28/KP3130	185.0664736	144.3008733	18.74159951	41.18988134	315.4802115
E601/030-1	149.8884496	168.8577693	17.51427634	38.61068628	325.9701973
E601/SC30-1	164.1476442	168.632935	20.65929195	36.8912229	325.4064831
equn3/chong72	189.8806696	138.9797962	17.82110713	39.47041796	300.6030588
equn3/SC11-1	169.291898	135.7821536	15.21304541	41.78279974	302.8334063
equn4/dan598	184.1734446	158.515394	17.43756864	38.65515516	325.1368807
equn4/xingK36	180.0311008	143.6647911	13.67889145	42.89452175	305.3122671
equn4/yu82	184.5940581	133.4047598	15.5198762	41.70868494	306.6738963
F7584/A554	158.4269422	118.4752424	15.74999929	34.66777889	310.6585669
F7584/E28	202.4615236	138.2553303	18.58818411	39.2332506	319.6467947
F7584/huangchangb	182.1579091	140.5036727	16.51707627	39.07019804	327.2201723
F7584/LH162	159.3391283	114.1481029	15.90341469	40.24121189	302.9804621
F7584/longkang1	163.4055032	131.0106713	17.36086095	36.32795042	315.357665
fangyin/8982	158.5422481	145.1252656	14.90621462	34.26755896	278.5446775
fangyin/fu8527	173.1010301	118.1294994	16.74719936	35.42374985	270.7799352
fangyin/liao2204	166.5390223	144.1509838	14.59938382	36.1500749	292.3189112
fangyin/Lp215D	174.1040517	124.5154597	15.82670699	36.2983045	290.4071848
fangyin/M101	185.0620109	129.5367579	15.28975311	36.09078306	294.3041655
fangyin/SC30-1	194.2508417	141.8526782	16.82390706	37.81024643	285.1131733
fangyin/xuan6	174.0411807	145.9246762	15.5198762	38.4921026	294.4512214
FBHJ/5707	171.7179448	123.2913622	13.9693408	39.00266267	310.0636535
FBHJ/Lp215D	172.0819718	112.6741895	14.89411774	39.40911869	307.9558526
fu8527/liao7794	163.3849269	102.9063906	17.20744555	39.47041796	263.6430155
fu8527/PHN29	182.4829175	121.2428724	17.66769174	38.7885618	291.8777435
fu8527/xing230	168.8831361	111.4500919	17.28415325	37.55825611	254.0843836
fu8701/A619	148.6139173	113.2031788	15.42004671	37.65340588	292.0465824
fu8701/D1139	163.9948875	126.5639495	14.29936939	39.81536458	268.2507662
fu8701/equn3	190.6600273	149.2222452	15.3664608	44.00624376	291.2405014
fu8701/FBHJ	161.3192938	120.2186275	13.75559915	40.22638893	301.558922
fu8701/XF134	154.8613954	147.5734607	13.37206066	40.01886749	293.2992837
fu8701/zhonger02	155.5631543	160.1641784	17.01635667	37.38198175	310.9459887
fu96/6	151.8441206	120.9930566	15.86506084	36.98016066	298.7648604
fu96/7236	178.1840491	152.5373771	17.05403016	40.46355629	323.6488362
fu96/757	166.0412343	134.5330745	17.51427634	38.61068628	311.3871563
fu96/BCC03	158.7309284	130.5360212	16.05683008	35.45339577	304.4755302
fu96/E8501	175.3693708	123.9408833	15.5965839	39.12948988	307.441157
fu96/J8606	169.4828214	137.4434289	15.74999929	39.92992973	316.2400002
fu96/ji833	174.909777	142.3648007	17.89781483	40.24121189	316.8037144
fu96/L139	184.0025056	128.2377156	16.44036857	37.23215099	311.5832308
fu96/liao2204	183.3717145	147.7858041	15.67329159	38.81820772	308.4215295
fu96/PHG47	162.4721041	119.2193642	16.21024548	37.12839027	299.8922888
fu96/PHW30	187.0944154	136.4066932	16.44036857	38.35869595	316.5586213
fu96/SC30-1	187.8884423	153.8126433	17.89781483	39.085021	316.5165445
fu96/SW153	187.0928352	142.4867894	17.36086095	41.08612061	322.0963303
gan41/1614	189.2158965	154.1854901	15.21304541	36.69852442	314.2272887
gan41/changK	157.9748431	139.4669371	16.51707627	37.89918419	312.146945
GN4095/7236	156.8605961	161.9044756	14.36926073	38.58104036	311.561001
GN4095/qi35	147.2096756	173.4243509	15.05963001	35.98702234	310.3788349
H114/4722	141.5365276	116.1466295	15.72816027	30.05811044	270.2360206
H114/MM402A	176.5381271	132.0349162	17.58214659	37.85934946	306.3137286
H114/zhonghuang64	160.6097432	139.7792068	14.59938382	38.74409292	305.480412
hai9-21/huotanghuang	185.8110241	149.9467111	15.21304541	37.35073467	316.2890189
hai9-21/ji432	151.2341179	157.7159833	16.05683008	34.54919521	321.5340117
hai9-21/yuanwu05	160.29048	138.4931627	15.65642806	34.77565558	312.5677262
han21/IBB14	188.5912358	184.6711112	15.9841491	38.89612003	357.0480056
han21/liao5110	177.1262357	180.6740579	18.80687305	36.8236307	342.5384926
han49/1101	197.3664153	150.1465637	15.13633771	38.74409292	299.8187608
han49/5707	150.9123265	127.8879734	14.5169615	34.11227728	287.2699928
han49/HBAI	185.6039897	131.6601924	17.93026573	36.39639847	297.7599786
han49/PHW17	171.6617757	129.8365369	18.55943197	32.38183961	293.4218302
han49/SC11-1	170.03643	138.8076452	16.08558774	35.97542669	294.5084849
HB8229/8982	203.9633522	148.5977056	15.82670699	40.37461853	302.2942014
HB8229/liao2204	167.2121235	146.0246026	15.13633771	39.5297098	300.2844378
HB8229/shuang741	170.381425	124.740294	15.75318903	33.82127165	281.8289254
HBAI/M22	192.5759655	139.3545199	16.82390706	41.44187166	337.3670277
HBAI/yan156	165.7096655	153.3941695	18.43476872	35.39410393	319.671304
HBAI/ZPON7	165.0277967	137.4809012	16.13353778	37.33591171	320.2105089
HHe01/1145	157.3909478	146.9739027	14.52267613	37.18768211	312.5881127
huangchangb/BM	174.0363585	149.2222452	15.90341469	39.76687717	329.3279731
huangchangb/wu109	173.1946529	168.6579166	15.82670699	40.09298229	348.3962183
huobai/chang72	153.6751338	170.5315353	13.98572224	32.08858383	309.5734672
huotanghuang/1614	178.2746331	155.7674199	13.90901454	42.61288551	317.9801614
huotanghuang/changK	165.414585	133.0841426	13.67889145	41.01200581	295.0639542
huotanghuang/gan41	152.2747641	143.8012417	14.13913764	41.2047043	297.9070344
IBB14/7327	167.1001286	145.100284	14.21584534	40.67107773	310.9950073
J8606/B09	172.5439399	146.898958	13.90901454	39.69276236	319.7448319
ji432/gan41	141.0740425	151.1957902	15.02165473	34.73333998	294.6718052
ji432/huotanghuang	149.8415124	159.6645468	13.34065051	38.53560256	300.6030588
ji432/yuanwu05	147.3212054	155.8923278	13.08624598	36.79616496	297.0737178
ji434/757	169.9530146	139.1047041	18.28135332	35.15693657	317.710559
ji434/BCC03	173.14801	138.5051461	15.05963001	38.5662174	320.4065834
ji434/NS501	155.6897769	140.3038201	14.36926073	35.30516617	311.436175
ji434/wu126	180.8298856	142.8019784	13.98572224	38.9367914	314.3772925
ji63/2MA22	178.8373769	122.9915832	16.67049167	38.7885618	300.2354191
ji63/LH162	151.1031495	127.6881208	14.36751738	35.3977758	290.7503152
ji63/zhangxi28	162.1974269	137.2685578	16.51033814	30.70245228	290.7380605
ji833/7236	145.1041537	166.0973044	16.05683008	39.3814802	339.352282
ji833/xun971	157.1381469	168.9871585	16.11151552	36.67261526	326.6682061
ji833/yue39-4	160.6562805	156.075159	13.45201916	37.7272228	312.493017
ji846/9710	178.3206444	156.2170883	14.21584534	41.05647469	336.1660713
ji846/longkang1	159.0624665	142.9820768	15.80957042	38.24504896	322.4406511
ji846/N68a	182.4845641	149.7099871	13.60218375	40.76001549	325.8172099
jian1495b/shen5005	171.7459564	120.8181855	16.21024548	35.21622841	289.1081912
jian1495b/Va26	191.7546854	139.2795752	16.59378397	42.76111511	330.7495133
K10/84-126-15-1	171.5437538	116.5713164	16.05683008	37.32108875	288.2013467
K10/A619	157.3099031	92.23925471	16.14920728	35.18149302	284.1082915
K10/FBHJ	170.3693827	110.0511233	13.37206066	36.6688785	298.42173
K10/IBB14	180.3317856	115.7945801	13.6543588	36.87490394	292.6101459
K10/ji63	150.0806912	105.3296041	13.87370147	32.99258026	281.1916833
K10/NS501	175.3634845	111.4001287	12.75839908	34.1045064	289.2552471
K10/PHG47	159.8565704	98.33145009	16.10145791	34.03105733	290.1296101
K10/PHT22	192.4508672	110.0261417	14.29255303	37.45449539	297.4658668
K10/PHT69	192.9608024	114.2480292	13.52547605	35.14211361	301.8040151
K10/PHT77	189.2921625	116.4214269	16.13353778	37.83989235	307.1960639
K10/SC30-1	182.5048242	129.2869421	16.77142171	34.38624271	298.1276182
K10/shuang741	164.4409855	113.3986554	13.21864526	33.03725328	280.6279691
K10/T24	171.1623484	110.7506076	13.37206066	38.32905003	298.0540903
K10/xuan6	172.2737095	120.4934249	15.34207901	35.59081679	306.6078404
K10/yan156	157.2021598	125.5646862	15.13633771	34.48990337	284.4024032
K14/3335	196.0457794	122.5216458	18.43476872	38.72926996	299.8293935
K14/E28	178.8296187	151.2918635	19.50076673	38.87131664	305.3492126
K14/KP3130	179.3031367	153.544059	17.82110713	40.89342213	324.0584709
KP3130/changK	181.154997	124.140736	17.13073785	40.70072365	329.9897246
KP3130/luosu3	165.7803692	138.9548146	14.6868583	42.24778929	314.7694415
KP3130/Sg1533	166.2540156	160.4139943	16.28695318	42.18301966	322.3918377
KP3130/zaC546	174.6506699	126.2017166	16.59378397	43.19098095	314.965516
L061M/PHW03	182.4120923	130.4610764	16.36366088	37.91400715	312.3675288
L061M/zhongyin15	189.7901321	143.30161	16.67049167	39.3073654	295.7992336
L139/MO113	162.1683156	108.8520073	14.44596843	39.11466692	291.8532342
L473/757	163.5697608	125.8394836	21.19624584	36.6688785	310.4558025
L473/BCC03	193.7180208	119.2443458	17.74439944	40.07815933	310.6763863
L473/ji434	180.8189596	144.200947	21.19624584	34.252736	323.592794
L473/PHN37	149.7487644	117.5705797	16.31254822	35.61861539	309.2548462
L473/xuan6	129.8180069	142.5021994	17.51154185	34.44843585	316.068435
lan766-4-2/B09	182.7155992	114.6227529	14.98292231	37.92883011	305.3088468
lan766-4-2/DM07	173.3545492	121.9150711	14.98023577	38.53089494	302.1260062
LH127/PHJ40	155.9415567	118.6697694	12.60498368	38.16599747	283.838689
LH127/W182bn	169.1481018	122.0922462	14.59938382	39.20360468	308.1764364
LH162/5707	161.9877853	122.2886948	14.62087282	39.1794438	289.0397289
LH162/96201	156.3907521	131.4853213	15.28975311	39.0109062	286.7798065
LH162/D15	165.2580736	130.011408	15.71819816	40.71857191	311.0930446
LH162/PHT77	160.4120355	116.7961506	15.4431685	40.56731701	296.853134
LH162/SC-9	156.8802683	125.7895205	14.38577538	42.71608594	298.813879
LH215/150-4	159.0618428	141.5029361	13.83230685	36.53547186	313.1518269
LH215/2005	197.4151435	156.4542348	16.13353778	39.5297098	320.9493747
LH215/P167	164.0875662	131.9100083	13.21864526	39.33701132	310.4312932
LH215/yun147	171.0861765	134.3332218	13.75559915	39.84099197	310.1616907
LH60/84-126-15-1	170.6004169	120.3185538	15.5965839	37.35073467	283.127919
LH60/R31	163.6981478	125.8020113	15.90341469	41.39740278	306.4607845
LH82/H114	134.5456589	121.1429461	16.90061476	34.62331001	267.687052
LH82/PHN37	158.5375253	100.3582691	15.74999929	36.72817034	273.7898709
LH82/zhangjin6	154.1586353	117.3207639	15.98012239	37.60272499	286.4856948
LH82/zhonger02	178.6746685	144.0510575	19.43196879	40.77483845	307.0244987
LH93/equn4	181.7973845	143.5764074	15.5965839	43.29474167	310.7499142
LH93/xingK36	170.9592335	140.3787648	15.5198762	39.18878172	303.8137788
LH93/yu82	177.033133	129.5117763	18.35806102	36.0759601	302.0736176
liao2204/fu8527	145.9542224	127.1385259	17.65328591	38.65055267	274.9663179
liao2204/xing230	196.0219839	133.1091242	14.44596843	38.4921026	296.7796061
liao5110/A619	165.4620569	134.3582034	18.20464562	37.61754795	295.7257056
liao7794/PHN29	174.6794811	124.5079918	15.74999929	40.50802517	308.678505
liao7794/shuangM9B-1	178.8269767	126.4390416	15.28975311	40.70072365	301.4363754
Lo1067/PHG71	132.9453226	114.2230476	14.82950692	32.34057415	276.6084418
Lo1067/PHWG5	170.8436614	135.4823746	16.13353778	39.1591358	318.3968197
longkang1/PHR55	185.5882545	134.320731	18.81830721	39.27771948	314.2302366
Lp215D/807	173.3051674	112.2495026	15.4431685	37.26179691	294.7453331
Lp215D/B7	146.4350093	91.42735327	13.67889145	35.9277305	263.446941
luosu3/ji846	161.0680905	158.215615	12.68169138	40.19674301	319.6222854
luosu3/N68a	141.0119726	151.5920263	13.21864526	38.8626766	305.14106
luosu3/zaC546	146.7980246	119.1130964	13.48008262	40.68734118	287.3735893
Lx9801/91huang15	188.7206948	156.0671989	16.67049167	39.69276236	328.7887683
Lx9801/A619	171.1508999	131.9349898	16.82390706	34.78636257	313.0782989
Lx9801/PHG35	178.4827645	125.4147967	14.59938382	37.12839027	298.6668231
M101/E601	170.0757251	154.443396	18.12793793	38.80338476	330.7740226
M101/Q1261	163.3309105	144.9503945	14.98292231	35.55715649	303.2010459
M101/SC24-1	169.6631738	142.5860898	16.05683008	37.57307907	314.79337
M22/PHG71	172.4675568	122.6668226	14.13913764	39.54453276	298.0050717
M22/PHWG5	193.8662396	149.6469321	14.90621462	41.75315382	345.0384425
M3/PHK93	181.449281	147.3008614	14.90621462	41.84209158	334.9227765
M3/SC-14	162.7103045	145.4126365	16.8651112	37.65104733	336.1880731
M3/zhong451	171.0936439	144.5065917	15.82670699	37.98812195	308.8470232
MBUB/75-364	170.0033544	114.9109491	15.5198762	35.51268761	296.9966319
MBUB/chang69	155.3680506	102.2568694	17.89781483	33.2892436	309.867579
MBUB/S311	179.8048232	115.6719794	18.51147641	36.55029482	296.4119664
MDF-13D/8982	188.2055829	163.5752179	14.74892526	44.57441056	312.7989531
MDF-13D/HB8229	203.3350281	134.0084612	14.75279922	44.0655356	307.9803619
mei68113/2005	163.9360374	171.630725	18.9717226	40.37461853	334.8180592
mei68113/20837	178.1011432	141.3030834	17.97452253	40.52284813	317.637031
MM402A/4722	188.1248502	108.3523756	18.8950149	36.5947637	306.730387
MM402A/DF27	189.2371901	128.3626235	16.74719936	35.82396978	318.8379874
MO113/7903E	166.4154602	127.3383786	16.14050122	38.48927201	281.7063788
MP/A619	186.8496761	135.8570983	16.36366088	41.16023542	305.0147351
MP/BCC03	151.0260837	135.5573193	16.05683008	37.48414131	305.9705983
MP/dan598	197.5409598	167.0341137	19.2018457	40.33014965	330.6269667
MP/H114	130.2923825	142.3272675	14.71750953	34.46328393	288.2776286
MP/HBAI	179.5895684	151.5705139	18.12793793	41.30846502	325.4555018
MP/IBB14	154.3888718	163.3368395	16.13353778	38.38834187	316.1664723
MP/longkang1	134.5478919	147.8431753	18.62471962	39.48638928	317.0425966
MP/Lp215D	169.5956262	156.0422173	16.44036857	38.32905003	308.7646599
MP/M3736	140.7507959	178.0759733	15.4431685	39.61864756	332.685749
MP/MDF-13D	171.2593434	148.4267184	14.86730387	42.31936058	327.6183231
MP/MM402A	195.2856692	140.4037464	19.81550728	40.12262821	318.0291801
MP/PHT69	152.9311603	141.5279176	15.90341469	36.83193106	299.7207236
MP/Sg1533	158.1802771	159.889381	16.44036857	40.15227413	318.4703477
Ms71/fu96	171.5171914	122.94162	16.51707627	38.01776787	292.9561533
Ms71/L139	162.402467	101.3734248	16.48000935	36.78654434	291.0990803
Ms71/PHG47	155.1261963	110.1379606	16.02566958	38.15616679	284.0497295
N68a/7903E	175.2676801	147.5734607	17.82110713	35.67574017	295.8972708
N68a/9710	150.3505492	140.9408504	15.01114821	40.00500319	319.3771922
N68a/han49	146.005129	136.8729541	15.5198762	31.06579958	298.9071384
N68a/longkang1	183.522131	138.0554776	16.82390706	39.95957565	302.1839095
N68a/Lp215D	172.4827935	135.157614	15.74999929	37.76577755	305.4068841
N68a/zhangjin6	157.9441481	128.3751143	13.44876836	36.68370146	300.9461892
nan21-3/chang72	153.7394327	185.2706692	13.90901454	33.42265024	328.8132776
nan21-3/GN4095	146.9206821	148.5477424	14.44596843	33.97109976	302.9069342
nan21-3/qi35	195.1533844	164.7358081	15.3664608	36.93569178	321.9261607
niu2-1/75-364	171.3407519	158.4654308	14.36926073	37.15803619	311.828324
niu2-1/MBUB	182.9625626	137.3310117	16.82390706	37.95847603	310.4312932
niu2-1/S311	146.5432586	162.5374288	15.05963001	34.93459217	320.847751
NN14B/1145	163.3819935	160.3890127	15.4431685	38.8626766	316.6566585
NN14B/468-3	190.9469382	142.3023467	16.97732246	40.07815933	303.0294808
NN14B/baiU8112	156.3643239	137.4934903	14.85898452	39.24049072	288.8624376
NN14B/changK	160.9301071	140.7035254	17.05403016	37.41002651	297.9805624
NN14B/J8606	169.7586046	151.8702929	15.13633771	40.10780525	306.4852938
NN14B/lan766-4-2	164.4490688	132.4845847	17.13073785	36.50582594	294.6227866
NN14B/M3	180.5422983	152.5697773	15.4431685	41.61974718	325.7496135
NN14B/PHT77	159.9684653	150.3464164	14.05579623	40.91168335	305.2108096
NN14B/SC11-1	168.0228103	149.7468584	15.28975311	42.53877071	306.0686355
NN14B/T24	167.1530887	141.8526782	13.52547605	39.47041796	292.2453832
NN14B/W968	170.4460964	161.5131839	16.44036857	38.09188267	309.9656162
NS501/A619	144.8392667	102.0819984	15.04044318	35.60664145	297.0737178
NS501/C521	165.1391653	134.2083139	12.60498368	38.8626766	291.2650107
NS501/PHT69	156.0704052	124.8901835	13.44876836	34.83083145	298.029581
P167/150-4	174.2364805	127.4383049	13.37206066	39.69276236	288.7160422
P167/PHR30	171.2668011	129.832528	14.52267613	39.79652309	305.3415965
PHG35/1538	159.8617636	115.1473662	13.67889145	37.64719387	291.5101039
PHG35/91huang15	162.8831567	123.5161964	15.98012239	36.09078306	296.9511712
PHG35/M3736	147.5330114	143.9981755	13.53733618	38.96767238	310.2137028
PHG47/L139	143.0379449	95.53682365	17.28415325	35.43857281	284.7210243
PHG47/PHT77	163.5346677	111.8497972	16.13353778	40.10780525	298.7648604
PHG71/han21	179.6583025	181.1986712	15.67329159	38.81820772	353.7147391
PHJ40/2MA22	176.3276314	117.2708007	14.06242994	40.19674301	295.4561032
PHJ40/M3	186.3261883	136.8813432	14.13913764	37.58790203	300.5050216
PHJ40/PHN37	129.8421831	107.6778729	13.25467123	33.19010836	269.6232877
PHK93/HB8229	185.3275106	117.0209849	15.67329159	38.07705971	305.2108096
PHK93/MDF-13D	179.8151211	136.956288	14.52267613	44.25823408	327.026264
PHK93/zhong451	165.7414051	129.4934415	15.21304541	36.04631418	299.2660694
PHN29/DF32	169.0036339	115.4471452	14.36926073	39.95957565	305.4313934
PHN29/LH127	166.6868181	126.7388206	14.06242994	39.85581493	313.9361249
PHN29/shuangM9B-1	161.1029914	127.8380103	14.98292231	37.26179691	312.6861499
PHN37/99122	199.4820072	117.7204692	15.74999929	40.03369045	309.7695417
PHR30/78551S	185.3314816	114.0481765	14.06242994	39.58900164	308.7891692
PHR30/dan598	173.6523367	146.2994	17.20116801	38.63441642	317.3919379
PHR30/M101	189.4449146	125.3648336	14.98292231	38.7885618	301.5344127
PHR30/PHK93	176.5032967	118.3200272	13.83230685	39.98922157	296.6325502
PHR30/yan156	148.2711553	134.4462348	15.16476136	35.90852806	295.8354422
PHR55/897	159.4950526	153.5080419	19.1150359	36.09017374	333.1436751
PHR55/Ay420	195.4210778	131.7351372	20.42916886	35.24587433	306.4117659
PHR55/B98	199.6409375	137.4809012	17.73733585	41.10402609	333.9112146
PHT22/baiU8112	167.3002504	138.2803119	15.3664608	39.6038246	302.2206734
PHT22/J8606	147.7590458	135.9766002	13.83230685	36.8171081	310.1985442
PHT77/HHe01	163.1436332	123.2663806	16.13353778	39.04055212	310.8479515
PHT77/PHK05	133.8641856	103.2950193	13.98572224	38.07705971	289.1049971
PHT77/yan156	179.5002482	139.5543726	17.13073785	41.44187166	306.4117659
PHW03/Co109	153.1488105	109.4765469	14.98292231	38.72926996	304.0098533
PHW03/E8501	173.4017851	127.912955	14.90968847	40.09649135	314.2792552
PHW17/1101	161.2180238	161.2508773	16.05683008	38.8626766	324.8917876
PHW17/chengzi2142	156.7417221	156.5043766	19.73879958	37.66201683	332.5141838
PHW17/SC11-1	178.4674534	148.872503	17.43756864	38.96643732	321.7055769
PHW20/91huang15	142.0414392	132.9342531	14.52267613	37.76577755	282.5642048
PHW20/PHG35	156.7850629	119.0944563	13.67889145	38.74409292	289.6228868
PHW30/MO113	175.4781783	117.0209849	14.44596843	40.21156597	302.3922386
PHW30/PHT77	173.8842064	129.2869421	16.59378397	37.63237091	314.6223856
PHW43/zaC546	191.3088457	114.0606673	16.28695318	41.30846502	307.049008
Q1261/E601	146.5577322	149.3221715	16.31539008	34.86107995	301.3138289
Q1261/SC24-1	117.4212218	142.82696	15.53166672	34.41774415	304.9902258
qi35/yue39-4	146.3656329	152.6697036	12.60498368	36.2241897	294.8433704
R31/785	183.2134817	139.3045568	16.05683008	42.04961302	319.1811177
R31/84-126-15-1	189.0388203	150.6961585	18.20464562	41.51598646	320.1859996
R31/shen5005	185.1637885	144.2758918	16.67049167	42.89452175	327.9554516
RS710/yan156	137.3483261	108.0243342	17.25753224	36.45179531	269.1441134
S22/J8606	150.4215538	141.1282123	12.91181447	36.62440962	317.7840869
S22/NN14B	160.0081522	144.7005787	13.44876836	37.57307907	304.3284743
S311/75-364	149.6630597	135.8071352	14.78622696	35.75499076	300.1864005
S311/9058	176.7818933	130.785837	16.36366088	36.92086882	308.5440761
S311/chang69	124.6317343	134.4581297	16.06131725	34.8969463	309.5244486
SC-14/MDF-13D	174.0384497	134.4956021	15.08423311	45.58887352	317.5880124
SC-14/PHK93	197.3877179	137.2494956	16.05683008	38.28458115	330.512525
SC-14/zhong451	155.1662567	135.7118657	16.97732246	35.15693657	296.7639867
SC-9/D15	173.0772852	156.0651124	16.24507831	37.96629735	331.3193254
SC-9/K14	176.9302903	149.8093124	16.67049167	39.6779394	315.357665
SC11-1/chengzi2142	167.390043	160.488939	17.20744555	39.3073654	325.2104086
SC11-1/d140	176.4541727	143.5264443	16.05683008	42.64253143	312.539094
SC24-1/030-1	156.1563214	150.671177	14.57960392	36.98073753	300.5540402
SC24-1/SC30-1	173.7106255	152.8195931	17.97452253	40.25603485	310.5293304
SC30-1/jian1495b	171.8270609	157.3662412	17.82110713	39.6779394	317.0978262
SC30-1/NS501	179.1719284	151.8952745	15.5198762	37.57307907	310.8234422
SC30-1/PHW30	169.4316523	155.517604	16.74719936	37.70648571	326.0927439
SC30-1/shen5005	140.5409856	131.5852477	17.05403016	35.72020906	293.1032092
SC30-1/Va26	160.3934927	151.1957902	17.82110713	38.6403322	323.200645
Sg1533/NN14B	145.2368491	156.6917384	14.38364186	36.46225782	294.5247493
Sg1533/PHT22	152.397012	147.7733134	16.59378397	36.38724226	303.0539901
Sg1533/S22	142.8973265	148.8225398	13.29535296	36.75781626	308.9607344
shen5005/R31	208.8926571	125.7519724	17.99237557	42.28391847	313.1757117
shuangM9B-1/LH127	168.81665	119.8938669	14.96493641	39.54579376	307.7597781
shuangM9B-1/PHJ40	159.6167543	126.3141337	14.05828375	38.61229887	300.3579657
shuangM9B-1/W182bn	133.5723947	123.4229802	15.40443485	37.94583572	303.271042
SW153/M3	174.3337102	148.3085181	15.4431685	41.56045534	322.8740199
SW153/PHK93	158.1744786	100.608085	14.13913764	35.79432386	283.4710493
T24/equn3	154.1459663	136.3935554	13.98572224	40.10780525	302.8920333
T24/zhonger02	169.7910874	149.6219505	16.21024548	39.90028381	310.5048211
Va26/shen5005	170.1599856	131.685174	16.05683008	38.714447	320.6761858
Va26/W968	168.5149367	151.2832257	16.47772428	37.56433757	333.7641587
W182bn/M3	182.7793339	133.1091242	14.98292231	39.75205421	320.063453
W182bn/PHJ40	149.3539374	127.4383049	14.36926073	36.34277338	292.8090974
W182bn/shuang741	164.2924159	120.7182591	14.90621462	37.02462954	290.6522779
W182bn/SW153	127.565456	92.8388127	13.99773117	34.20911259	260.1626931
W238/757	167.1659179	127.2884154	16.45155458	37.36620034	294.7208238
W238/ji434	177.1871853	135.8129495	16.36366088	36.95051474	300.5785495
W238/L473	186.5713775	135.7821536	18.51147641	40.13745117	312.7351685
W64A/LH82	144.0317773	111.7498709	19.50867649	33.97109976	271.1183558
W968/785	184.6154914	148.0481108	15.74999929	37.97329899	320.5291299
W968/84-126-15-1	166.8395447	140.3190758	17.365694	36.41925905	294.9871336
W968/R31	181.6683858	148.5971553	17.20744555	37.57307907	317.7809645
W9706/wu109	170.1743639	145.5499525	14.67609152	36.75781626	327.4407561
wu126/A554	157.3167703	123.4162701	13.37206066	39.29254244	289.5983775
wu126/LH82	137.275187	104.1804513	17.27658249	34.84227308	258.6186064
wu126/MBUB	171.959196	112.99895	16.21024548	35.37928097	279.3044662
wu126/PHK93	175.8964496	132.7773068	13.06522987	37.98812195	305.2387873
wu126/SW153	161.6944023	146.8240132	14.06242994	44.1396504	299.4266118
wu126/W238	179.3881745	136.0319694	14.59938382	39.55935572	295.4806125
wu126/W64A	163.6542176	121.4177435	16.21024548	35.31998913	281.6328509
XF134/H114	166.8615295	140.8783965	13.52547605	40.41908741	296.7796061
XF134/MM402A	174.4493152	119.2693273	15.82670699	37.11356731	300.4069843
XF134/shuang741	165.7332055	123.6910675	14.13913764	34.84565441	281.1181553
XF134/zhonghuang64	152.5879833	135.2575404	14.36926073	37.69166275	295.8972708
xing230/DF32	168.549728	121.8923935	13.60218375	40.28568077	280.4809132
xing230/liao7794	159.1486905	106.9284254	15.4431685	35.97219938	263.3489037
xing230/PHN29	182.4440151	118.1201745	15.13633771	38.84785364	284.5739684
xingK36/dan598	196.6723361	162.0253064	17.05403016	39.20360468	320.8722603
xingK36/HBAI	190.0147742	142.6072402	15.90341469	40.74519253	320.2769632
xingK36/yu82	180.5024227	137.7806802	14.90621462	36.28348154	299.206028
XOP2/Lx9801	185.5834035	128.4375682	15.82670699	36.71334738	317.6615404
XOP2/PHG35	175.1394738	108.6271731	14.52267613	35.09764473	294.6718052
xuan6/SC11-1	177.0462107	145.0253392	15.90341469	39.32218836	306.7794056
xun971/Ay420	150.6697296	135.2075772	16.21024548	32.11822975	278.4956589
xun971/B98	205.5316801	144.6006523	15.98012239	42.3905411	326.2643091
xun971/LH162	171.6670453	134.7828903	15.12240865	38.85497424	293.9120165
xun971/PHR55	198.5658234	136.0319694	18.66489181	38.8626766	310.9214794
xun971/xuan6	146.9676172	150.3214348	16.19773448	36.82148736	304.8186606
yan103/807	137.4579292	131.5456343	15.21304541	35.70538609	302.8899242
yan103/A554	125.3705069	122.0672646	14.86881312	36.63739323	294.4512214
yan103/NS501	140.9252083	131.9907878	13.37206066	36.50582594	300.7636728
yan156/M22	180.810761	141.7027887	17.20744555	38.44763372	304.7941513
yan156/PHWG5	166.9533284	161.1134786	16.5509662	42.54625799	323.7888685
yi36/3335	190.6555846	109.8013074	15.67329159	37.46931835	269.292412
yi36/E28	148.1022826	130.186279	18.80219597	35.7544332	281.056882
yi36/huangchangb	160.968021	127.5632128	17.05403016	37.15803619	287.9562535
yu82/dan598	173.8710341	140.2788385	19.125138	35.67574017	301.7059779
yu82/HBAI	193.3511899	130.7358739	17.51427634	38.89232252	309.4264113
yu82/PHT69	172.2779393	125.9144284	15.5198762	35.30516617	295.2355194
yu82/ZPON7	163.9273143	126.713839	15.28975311	36.47618002	296.9021526
yuanwu05/changK	153.7193328	134.3332218	15.13633771	38.4179878	300.4314936
yuanwu05/gan41	163.4003948	141.6528256	15.50370849	39.83390841	302.9804621
yuanwu05/huotanghuang	151.503139	144.1260023	13.44876836	38.59586332	293.8384886
yue39-4/B98	167.9515142	151.7204034	13.29535296	38.21046635	308.9117158
yue39-4/PHR55	170.7844601	142.102494	13.90901454	36.84675402	302.0000896
yue39-4/xun971	174.0244805	143.3890456	13.52547605	39.21842764	295.284538
yue89E4-2/2MA22	167.9904919	118.869622	15.98012239	37.61754795	295.1374821
yue89E4-2/468-3	166.9823676	137.4309381	16.05683008	35.45339577	302.34322
yue89E4-2/BCC03	152.7801017	133.8086085	14.59938382	36.47618002	309.3773927
yue89E4-2/ji434	175.1238502	149.8218031	15.5965839	36.34277338	316.6811679
yue89E4-2/W238	179.0446603	143.0767758	15.05963001	37.17285915	309.1077903
yue89E4-2/zhonghuang64	133.8953806	142.7520152	14.36926073	34.37131968	305.8480517
yun147/150-4	181.516622	117.2458191	14.13913764	38.31422707	291.9757808
yun147/Co109	124.3126573	94.8873025	14.19542457	37.15609652	278.6182054
yun147/nan21-3	157.7851986	147.2237185	14.40639749	38.52100508	307.122536
Z31B/D1139	168.7834434	127.6881208	14.59938382	35.11246769	278.5936961
Z31B/zhonger02	192.3122351	159.6645468	17.89781483	42.10890486	329.7936501
zaC546/ji846	177.7030376	123.8784294	14.36926073	40.38944149	306.4117659
zaC546/N68a	170.6458401	130.0065067	15.28975311	37.83989235	303.559866
zhangjin6/2MA22	173.9840116	128.6606872	14.93714626	42.00177022	318.306667
zhangjin6/ji63	183.6403481	137.5808276	14.75279922	38.92196844	311.3136284
zhangjin6/zhangxi28	146.6578956	114.4214831	13.8455225	32.89307689	283.0721866
zhangxi28/807	163.3527533	114.797624	16.97732246	36.12042898	279.5740686
zhangxi28/96201	157.7512537	136.4316747	15.90341469	36.19454378	280.775025
zhangxi28/LH162	144.3757007	89.31640952	14.05455722	37.71729908	243.3983233
zhangxi28/SC-9	173.3461028	114.9974767	14.90621462	37.66201683	280.8240436
zhangxi28/shuang741	142.8566531	101.2305655	16.35557496	29.76473592	247.6891376
zhong451/fangyin	166.9933821	142.4272546	14.70893478	35.44894101	278.9613358
zhong451/HB8229	185.0151102	134.6080192	15.45521851	39.77979916	288.3238932
zhong451/MDF-13D	169.4349316	155.747036	13.42353812	43.14157149	311.6290522
zhong451/yun147	168.6700117	138.6289877	14.29255303	40.03369045	296.7495702
zhonger02/XF134	172.8939558	151.1708086	16.13353778	39.91510677	308.617604
zhonger02/zhonghuang64	138.9278128	150.6979969	16.21024548	35.49786465	312.8128805
zhonghuang64/4722	175.2164855	130.6609291	15.4431685	39.6038246	311.1175539
zhonghuang64/DF27	167.3722626	150.5712506	14.13913764	42.00514414	310.7008956
zhonghuang64/MM402A	193.9839736	141.8526782	17.36086095	38.18082043	333.00437
zhongyin15/A619	147.6854452	123.6910675	15.5965839	34.94941513	289.8924892
zhongyin15/E8501	178.5628796	125.0900361	14.82950692	42.80558399	296.460985
zhongyin15/PHT69	176.0590037	135.8321168	14.67609152	38.87749956	293.323793
zhongyin15/PHW03	168.2647446	133.0341795	14.44490268	37.69878947	306.1666728
zhongyin15/yan38	160.5289631	138.6550356	13.98572224	37.82506939	287.6866511
ZPON7/Lo1067	147.4300006	123.0165648	16.13353778	33.85251608	295.5541404