2	2-46159274	47421321	1.88292e-07
2	2-46172550	47434439	1.40631e-06
2	2-46224039	47497778	4.93167e-06
2	2-46227854	47501593	4.37043e-06
2	2-46230519	47502744	5.02998e-06
2	2-46256606	47532452	5.50885e-07
2	2-46289102	47563606	2.89742e-06
2	2-46308357	47582857	2.33739e-06
2	2-46308827	47583327	2.46228e-06
2	2-46325207	47599704	2.73327e-06
2	2-46331476	47605972	1.33774e-06
2	2-46398560	47673040	3.18154e-06
2	2-49691254	51111825	5.5286e-07
2	2-49708496	51129066	5.08058e-06
2	2-49708509	51129079	4.11224e-06
2	2-49709068	51129638	3.30426e-06
2	2-49709097	51129667	4.09479e-06
2	2-49709972	51130542	5.08058e-06
2	2-49720980	51141552	1.72683e-06
2	2-49721022	51141594	4.11224e-06
2	2-49738989	51159561	5.08058e-06
2	2-49739374	51159946	4.11224e-06
2	2-49742696	51163268	2.7162e-06
2	2-49742975	51163547	1.19965e-07
2	2-49743480	51164052	5.08058e-06
2	2-49743818	51164390	3.30426e-06
2	2-49743819	51164391	2.93931e-06
2	2-49743894	51164466	2.93931e-06
2	2-49743970	51164542	2.93931e-06
2	2-49744100	51164672	2.47628e-06
2	2-49744582	51165154	4.11224e-06
2	2-49744977	51165549	5.08058e-06
2	2-49745403	51165975	4.44871e-06
2	2-49745626	51166198	4.09479e-06
2	2-49782306	51201288	2.67511e-06
2	2-49917090	51340695	4.11224e-06
2	2-49918447	51342052	5.08058e-06
2	2-49918792	51342397	5.08058e-06
2	2-49918798	51342403	5.08058e-06
2	2-52322494	53731845	1.37214e-07
2	2-52337893	53746843	5.05592e-07
2	2-52405185	53816602	5.20256e-06
2	2-58588780	60141993	3.3895e-06
2	2-58588781	60141994	3.3895e-06
2	2-58592506	60145718	8.42411e-07
2	2-58592705	60145917	1.1521e-06
2	2-58626293	60179549	2.92034e-06
2	2-58647926	60201179	3.49864e-07
2	2-58719589	60272144	5.05327e-07
2	2-58720585	60273140	3.86362e-07
2	2-58727227	60279782	1.00529e-06
2	2-58727294	60279849	1.90504e-06
2	2-58727336	60279891	1.6736e-06
2	2-58727343	60279898	2.27343e-07
2	2-58727358	60279913	3.51426e-06
2	2-58727408	60279963	3.48526e-06
2	2-58727465	60280020	4.57556e-08
2	2-58727654	60280209	1.07078e-06
2	2-58727672	60280227	1.58747e-06
2	2-58727730	60280285	2.84256e-07
2	2-58728614	60281169	1.38525e-07
2	2-58728702	60281257	2.41796e-06
2	2-58731563	60284312	3.49864e-07
2	2-58760343	60309351	2.07703e-06
2	2-58798544	60349851	6.46217e-07
2	2-58800826	60352133	5.0194e-06
2	2-58805727	60355800	2.49427e-08
2	2-58806509	60356582	6.96417e-07
2	2-58835833	60375328	2.44447e-06
2	2-58838890	60378383	2.14415e-06
2	2-58862494	60401802	4.31212e-06
2	2-58865028	60404336	4.86027e-06
2	2-58869441	60408188	4.19068e-07
2	2-58873409	60411960	4.29835e-06
2	2-58884451	60423000	5.15612e-06
2	2-58884489	60423038	1.26535e-06
2	2-58884490	60423039	1.26535e-06
2	2-58884499	60423048	1.26535e-06
2	2-58884514	60423063	1.06931e-07
2	2-58918447	60452061	3.8202e-07
2	2-58918552	60452166	2.85685e-08
2	2-58918662	60452276	3.32319e-07
2	2-58918725	60452339	2.99808e-06
2	2-58918736	60452350	1.09085e-06
2	2-58918746	60452360	2.94746e-06
2	2-58918840	60452454	4.86571e-07
2	2-58918861	60452475	4.02067e-07
2	2-58918875	60452489	4.02067e-07
2	2-58919010	60452624	2.70603e-06
2	2-58919029	60452643	2.70603e-06
2	2-58941795	60475408	9.08387e-07
2	2-58941993	60475606	4.02067e-07
2	2-58942049	60475662	4.02067e-07
2	2-58942054	60475667	4.86571e-07
2	2-58946127	60479740	1.83192e-06
2	2-58946148	60479761	3.91587e-06
2	2-58946162	60479775	6.64453e-08
2	2-58946200	60479813	7.04228e-07
2	2-58946476	60480089	4.86571e-07
2	2-58955938	60489550	2.00479e-06
2	2-58967954	60501565	1.03499e-06
2	2-58969271	60502882	5.4135e-06
2	2-58969468	60503079	4.02067e-07
2	2-58969551	60503162	4.02067e-07
2	2-58969558	60503169	4.86571e-07
2	2-58969892	60503503	2.54868e-06
2	2-58970252	60503863	4.02067e-07
2	2-58970281	60503892	4.02067e-07
2	2-58970301	60503912	4.86571e-07
2	2-58970445	60504056	5.90081e-07
2	2-58970461	60504072	1.8246e-06
2	2-58970556	60504167	4.02067e-07
2	2-58970659	60504270	4.86571e-07
2	2-58970730	60504341	6.27497e-07
2	2-58970756	60504367	3.49156e-08
2	2-58970793	60504404	4.87859e-07
2	2-58970911	60504522	5.78056e-07
2	2-58972372	60505983	5.96697e-07
2	2-58972388	60505999	4.86571e-07
2	2-58972389	60506000	4.49131e-07
2	2-58972391	60506002	4.76518e-07
2	2-58972434	60506045	4.86571e-07
2	2-58972768	60506379	1.83192e-06
2	2-58989259	60522869	4.86571e-07
2	2-58989607	60523217	4.86571e-07
2	2-58989642	60523252	1.10848e-10
2	2-58995811	60529421	7.08231e-07
2	2-58997096	60530705	4.00262e-07
2	2-58999160	60532769	3.26577e-08
2	2-58999212	60532821	4.45647e-06
2	2-58999366	60532975	6.01096e-07
2	2-58999437	60533046	6.75864e-07
2	2-58999438	60533047	6.75864e-07
2	2-58999581	60533190	7.13696e-07
2	2-58999901	60533510	3.23483e-06
2	2-58999921	60533530	1.3516e-06
2	2-59000062	60533671	4.86571e-07
2	2-59000094	60533703	3.86517e-08
2	2-59000120	60533729	4.91057e-06
2	2-59000152	60533761	9.97757e-08
2	2-59000159	60533768	1.93567e-07
2	2-59000216	60533825	8.32562e-07
2	2-59000329	60533938	5.15375e-07
2	2-59000355	60533964	2.93086e-07
2	2-59000370	60533979	2.68609e-08
2	2-59000399	60534008	4.86571e-07
2	2-59000409	60534018	3.39256e-06
2	2-59000420	60534029	9.04749e-10
2	2-59000613	60534222	8.44996e-07
2	2-59000663	60534272	5.82813e-09
2	2-59000683	60534292	6.3793e-07
2	2-59000726	60534335	7.21561e-07
2	2-59000883	60534492	2.64948e-06
2	2-59000904	60534513	4.87859e-07
2	2-59002757	60536366	4.02067e-07
2	2-59002970	60536579	3.75566e-06
2	2-59003150	60536759	4.02067e-07
2	2-59003188	60536797	4.86571e-07
2	2-59003262	60536871	5.79354e-07
2	2-59003420	60537029	4.10351e-07
2	2-59003772	60537381	8.11037e-07
2	2-59003879	60537488	2.78574e-06
2	2-59003881	60537490	2.63735e-06
2	2-59003905	60537514	9.30992e-09
2	2-59003983	60537592	1.4295e-06
2	2-59003985	60537594	2.50614e-07
2	2-59004001	60537610	4.23483e-07
2	2-59004062	60537671	1.02896e-09
2	2-59004102	60537711	9.36172e-08
2	2-59004156	60537765	3.0897e-07
2	2-59004170	60537779	4.02067e-07
2	2-59004176	60537785	3.0897e-07
2	2-59004225	60537834	4.02067e-07
2	2-59004294	60537903	1.91808e-06
2	2-59004497	60538106	1.35579e-07
2	2-59009938	60543779	4.86571e-07
2	2-59010354	60544195	3.96911e-06
2	2-59015306	60549146	3.86362e-07
2	2-59015313	60549153	4.79223e-07
2	2-59015326	60549166	3.11129e-07
2	2-59015332	60549172	6.97164e-08
2	2-59015364	60549204	5.21299e-08
2	2-59015370	60549210	5.82523e-07
2	2-59015480	60549320	1.55849e-08
2	2-59015565	60549405	2.75833e-06
2	2-59015690	60549530	3.72696e-06
2	2-59015697	60549537	4.02067e-07
2	2-59015715	60549555	6.35984e-09
2	2-59015725	60549565	2.41525e-09
2	2-59015726	60549566	2.63826e-07
2	2-59015742	60549582	6.35642e-07
2	2-59015749	60549589	1.10608e-07
2	2-59015764	60549604	4.38716e-07
2	2-59015812	60549652	4.01469e-08
2	2-59015865	60549705	4.02067e-07
2	2-59015880	60549720	3.83356e-07
2	2-59015909	60549749	3.28805e-08
2	2-59015953	60549793	6.35642e-07
2	2-59015958	60549798	2.54245e-06
2	2-59016012	60549852	4.02067e-07
2	2-59016017	60549857	4.86571e-07
2	2-59016022	60549862	6.26408e-08
2	2-59016027	60549867	6.59766e-08
2	2-59016029	60549869	1.33731e-06
2	2-59016056	60549896	8.40156e-07
2	2-59016059	60549899	2.36602e-09
2	2-59016064	60549904	7.52889e-07
2	2-59016074	60549914	1.69327e-07
2	2-59016081	60549921	1.41295e-07
2	2-59016094	60549934	2.81599e-06
2	2-59016310	60550150	4.245e-08
2	2-59016332	60550172	2.79865e-07
2	2-59016438	60550278	3.46156e-07
2	2-59016445	60550285	9.7703e-07
2	2-59016456	60550296	1.21561e-06
2	2-59016571	60550411	2.43524e-09
2	2-59016575	60550415	6.04309e-11
2	2-59016587	60550427	7.64203e-08
2	2-59016588	60550428	1.28794e-07
2	2-59016604	60550444	2.78617e-06
2	2-59016618	60550458	2.93003e-07
2	2-59016623	60550463	1.44214e-06
2	2-59016628	60550468	1.44214e-06
2	2-59016665	60550505	2.47759e-08
2	2-59016779	60550619	1.83192e-06
2	2-59016794	60550634	2.9545e-08
2	2-59016805	60550645	3.39746e-06
2	2-59016806	60550646	3.43825e-07
2	2-59016818	60550658	5.48581e-08
2	2-59016848	60550688	2.03172e-08
2	2-59016884	60550724	5.06448e-07
2	2-59016897	60550737	5.06448e-07
2	2-59016957	60550797	2.97441e-06
2	2-59016995	60550835	1.80195e-06
2	2-59022101	60555938	2.40343e-06
2	2-59029312	60563148	1.00035e-06
2	2-59029343	60563179	1.26388e-07
2	2-59029376	60563212	9.64737e-08
2	2-59029406	60563242	1.72273e-08
2	2-59029476	60563312	5.14812e-08
2	2-59033874	60567710	7.36772e-07
2	2-59033886	60567722	3.56748e-06
2	2-59033901	60567737	4.25769e-08
2	2-59033902	60567738	4.02067e-07
2	2-59033905	60567741	1.60591e-07
2	2-59033914	60567750	6.82116e-07
2	2-59033918	60567754	1.08182e-07
2	2-59033947	60567783	1.13908e-06
2	2-59033954	60567790	4.02067e-07
2	2-59033975	60567811	1.59337e-08
2	2-59033984	60567820	4.02525e-08
2	2-59034087	60567923	2.74461e-07
2	2-59034111	60567947	9.24005e-09
2	2-59034120	60567956	1.07379e-07
2	2-59034126	60567962	1.1544e-06
2	2-59034270	60568106	2.68472e-06
2	2-59034278	60568114	9.32203e-07
2	2-59034323	60568159	3.60275e-06
2	2-59034374	60568210	2.5539e-06
2	2-59034431	60568267	4.86571e-07
2	2-59034459	60568295	3.12841e-06
2	2-59034465	60568301	4.86571e-07
2	2-59038543	60572368	4.86113e-07
2	2-59038563	60572388	7.97444e-07
2	2-59041756	60575736	1.02755e-06
2	2-59041767	60575747	7.74933e-07
2	2-59045776	60579756	2.76839e-06
2	2-59045799	60579779	6.20644e-07
2	2-59045851	60579831	4.30161e-07
2	2-59045975	60579955	1.86246e-07
2	2-59045984	60579964	1.12657e-07
2	2-59046003	60579983	1.05365e-06
2	2-59046018	60579998	3.59169e-08
2	2-59046036	60580016	9.79544e-07
2	2-59046047	60580027	9.79544e-07
2	2-59046083	60580063	9.79544e-07
2	2-59046095	60580075	1.44049e-06
2	2-59046118	60580098	4.50186e-07
2	2-59046175	60580155	1.26819e-07
2	2-59046199	60580179	4.42038e-06
2	2-59046205	60580185	1.69727e-06
2	2-59046215	60580195	9.34285e-07
2	2-59046239	60580219	2.57876e-06
2	2-59046251	60580231	2.4364e-06
2	2-59046279	60580259	5.33545e-06
2	2-59046290	60580270	5.33545e-06
2	2-59046291	60580271	1.9457e-06
2	2-59046328	60580308	8.89221e-07
2	2-59046341	60580321	8.21977e-07
2	2-59046352	60580332	3.76259e-06
2	2-59046357	60580337	5.8856e-07
2	2-59046366	60580346	6.54667e-07
2	2-59046630	60580610	9.80739e-07
2	2-59046646	60580626	2.89869e-08
2	2-59051679	60585920	3.41395e-07
2	2-59051960	60586201	1.51945e-08
2	2-59052404	60586645	2.8107e-06
2	2-59052405	60586646	3.55387e-06
2	2-59052406	60586647	2.18227e-06
2	2-59052436	60586677	8.67205e-07
2	2-59052693	60586934	2.80906e-06
2	2-59052944	60587185	5.19778e-07
2	2-59052969	60587210	2.47658e-07
2	2-59052987	60587228	2.11929e-06
2	2-59053132	60587371	2.99937e-06
2	2-59053188	60587427	2.86923e-06
2	2-59053189	60587428	2.86923e-06
2	2-59053293	60587532	1.61082e-07
2	2-59053300	60587539	6.32968e-08
2	2-59053319	60587558	4.86571e-07
2	2-59053352	60587591	6.6192e-08
2	2-59053432	60587671	5.29041e-06
2	2-59053688	60587927	2.07768e-07
2	2-59053816	60588055	1.1014e-08
2	2-59053843	60588082	3.22156e-09
2	2-59054016	60588255	1.6989e-06
2	2-59054049	60588288	1.64762e-06
2	2-59054108	60588347	4.05027e-09
2	2-59054175	60588414	2.29723e-07
2	2-59054223	60588462	3.52581e-07
2	2-59054295	60588534	2.30415e-07
2	2-59054322	60588561	1.11944e-06
2	2-59054353	60588592	1.98909e-06
2	2-59054434	60588673	4.62268e-08
2	2-59054460	60588699	2.29736e-08
2	2-59054497	60588736	3.52581e-07
2	2-59054562	60588801	2.67491e-08
2	2-59054578	60588817	2.27125e-08
2	2-59054751	60588990	1.04979e-06
2	2-59054874	60589113	2.40992e-07
2	2-59054897	60589136	1.04199e-07
2	2-59055047	60589286	2.56082e-07
2	2-59055076	60589315	3.37645e-08
2	2-59055080	60589319	4.02067e-07
2	2-59055202	60589441	3.13681e-06
2	2-59055476	60589715	1.61283e-06
2	2-59055544	60589783	1.13893e-07
2	2-59055548	60589787	6.1731e-07
2	2-59055558	60589797	1.79848e-07
2	2-59055574	60589813	1.42177e-06
2	2-59055597	60589836	4.02067e-07
2	2-59055626	60589865	5.692e-08
2	2-59055632	60589871	4.39795e-06
2	2-59055642	60589881	6.33322e-07
2	2-59055668	60589907	4.02067e-07
2	2-59055868	60590107	3.11421e-06
2	2-59055891	60590130	3.22237e-07
2	2-59055924	60590163	3.59398e-09
2	2-59055951	60590190	1.49244e-08
2	2-59055956	60590195	1.49244e-08
2	2-59056026	60590265	2.33815e-08
2	2-59056130	60590369	3.2153e-09
2	2-59056134	60590373	6.67157e-07
2	2-59056164	60590403	4.86571e-07
2	2-59056184	60590423	4.27982e-07
2	2-59056190	60590429	3.14492e-06
2	2-59056204	60590443	3.14492e-06
2	2-59056211	60590450	4.02067e-07
2	2-59056244	60590483	3.23373e-06
2	2-59056252	60590491	4.02067e-07
2	2-59056414	60590653	6.95625e-08
2	2-59056416	60590655	6.95625e-08
2	2-59056534	60590773	4.02067e-07
2	2-59056563	60590802	6.90953e-07
2	2-59056660	60590899	7.30974e-10
2	2-59056731	60590970	4.83785e-07
2	2-59056802	60591041	2.1848e-07
2	2-59056809	60591048	2.52995e-06
2	2-59056973	60591212	1.91006e-08
2	2-59056974	60591213	1.91006e-08
2	2-59057004	60591243	4.86571e-07
2	2-59057057	60591296	3.86362e-07
2	2-59057079	60591318	3.8547e-06
2	2-59057098	60591337	1.19923e-07
2	2-59057132	60591371	5.27276e-07
2	2-59058997	60593236	1.12221e-06
2	2-59065222	60599461	4.86571e-07
2	2-59074544	60608785	7.74586e-07
2	2-59078209	60612450	3.33882e-06
2	2-59078295	60612536	2.396e-07
2	2-59078301	60612542	4.36843e-07
2	2-59078347	60612588	1.02545e-08
2	2-59078400	60612641	1.33702e-06
2	2-59078415	60612656	1.08325e-06
2	2-59078590	60612831	5.17273e-09
2	2-59078607	60612848	1.98354e-08
2	2-59078727	60612968	1.18413e-07
2	2-59078995	60613236	5.06448e-07
2	2-59079128	60613369	5.18557e-06
2	2-59079148	60613389	2.61112e-10
2	2-59079193	60613434	8.29158e-08
2	2-59079249	60613490	2.82073e-06
2	2-59079252	60613493	1.83192e-06
2	2-59079323	60613564	4.86571e-07
2	2-59079324	60613565	1.52971e-07
2	2-59079481	60613722	1.44307e-06
2	2-59079491	60613732	1.15012e-08
2	2-59079520	60613761	9.95385e-10
2	2-59079581	60613822	3.38479e-08
2	2-59079636	60613877	7.64665e-07
2	2-59079655	60613896	1.55628e-06
2	2-59079734	60613975	1.17052e-06
2	2-59079760	60614001	2.58018e-07
2	2-59081050	60615291	2.1726e-07
2	2-59081140	60615381	6.7299e-08
2	2-59081150	60615391	1.96462e-08
2	2-59081194	60615435	1.83192e-06
2	2-59081326	60615567	1.35461e-07
2	2-59081357	60615598	7.15131e-07
2	2-59081361	60615602	7.15131e-07
2	2-59081362	60615603	4.01804e-07
2	2-59081416	60615657	1.30491e-06
2	2-59081422	60615663	4.6304e-06
2	2-59081445	60615686	4.6885e-08
2	2-59081608	60615849	3.60579e-07
2	2-59081624	60615865	1.72103e-06
2	2-59081653	60615894	3.31867e-07
2	2-59081654	60615895	8.60407e-07
2	2-59081709	60615950	1.83192e-06
2	2-59081791	60616032	3.98161e-07
2	2-59081802	60616043	3.32338e-06
2	2-59081958	60616199	3.49943e-08
2	2-59089463	60623698	3.66773e-06
2	2-59089579	60623814	4.89757e-08
2	2-59089677	60623912	2.71918e-07
2	2-59089764	60623999	1.83192e-06
2	2-59089857	60624092	4.02067e-07
2	2-59089932	60624167	2.49249e-06
2	2-59091604	60625839	4.86571e-07
2	2-59091613	60625848	1.00314e-08
2	2-59092045	60626280	6.12561e-09
2	2-59092067	60626302	1.14281e-07
2	2-59092143	60626378	5.29581e-09
2	2-59092274	60626509	6.04785e-07
2	2-59093547	60627782	4.87859e-07
2	2-59094078	60628313	2.66252e-06
2	2-59094340	60628575	5.70833e-07
2	2-59094459	60628694	6.05473e-07
2	2-59094538	60628773	1.83192e-06
2	2-59094575	60628810	1.83192e-06
2	2-59094637	60628872	4.41124e-06
2	2-59094760	60628995	4.02067e-07
2	2-59095067	60629302	5.90081e-07
2	2-59095282	60629517	4.02067e-07
2	2-59095328	60629563	4.02067e-07
2	2-59095360	60629595	7.21561e-07
2	2-59097064	60631299	4.02067e-07
2	2-59101394	60635629	1.02447e-06
2	2-59101429	60635664	4.02067e-07
2	2-59101782	60636017	5.06448e-07
2	2-59102990	60637225	4.02067e-07
2	2-59103416	60637651	5.95904e-07
2	2-59113673	60647906	4.86571e-07
2	2-59113677	60647910	1.55865e-06
2	2-59116499	60650730	9.42484e-08
2	2-59122114	60656345	4.90345e-06
2	2-59122117	60656348	6.38014e-07
2	2-59122189	60656420	4.86571e-07
2	2-59122330	60656561	3.86362e-07
2	2-59122417	60656648	4.86571e-07
2	2-59123144	60657376	4.02067e-07
2	2-59123331	60657563	2.64089e-06
2	2-59123351	60657583	4.02067e-07
2	2-59123582	60657814	4.87859e-07
2	2-59123656	60657888	1.33949e-07
2	2-59123986	60658218	4.02067e-07
2	2-59124396	60658628	4.02067e-07
2	2-59124630	60658862	3.86362e-07
2	2-59124812	60659044	5.06448e-07
2	2-59124866	60659098	4.02067e-07
2	2-59124926	60659158	4.86571e-07
2	2-59125218	60659450	1.25519e-06
2	2-59125330	60659562	4.04112e-06
2	2-59125672	60659904	9.72466e-07
2	2-59126331	60660563	1.64762e-06
2	2-59126830	60661062	4.02067e-07
2	2-59128885	60663117	5.76842e-07
2	2-59133207	60663843	3.86362e-07
2	2-59133792	60664428	4.02067e-07
2	2-59133897	60664533	2.86633e-07
2	2-59129430	60667365	4.73516e-06
2	2-59131578	60669513	6.19505e-07
2	2-59131590	60669525	6.19505e-07
2	2-59131793	60669728	4.86571e-07
2	2-59132347	60670282	1.2926e-06
2	2-59136356	60672369	5.02637e-06
2	2-59136471	60672484	1.03686e-06
2	2-59139842	60675855	2.15584e-06
2	2-59141070	60677083	4.86571e-07
2	2-59141194	60677207	5.06448e-07
2	2-59141984	60677997	1.42326e-07
2	2-59142129	60678142	1.11095e-06
2	2-59142561	60678574	2.13584e-06
2	2-59143712	60679725	4.86571e-07
2	2-59144395	60680408	1.94712e-07
2	2-59145583	60681596	2.13584e-06
2	2-59146487	60682500	1.83192e-06
2	2-59147241	60683254	4.15356e-07
2	2-59147901	60683914	3.86362e-07
2	2-59148107	60684120	4.02067e-07
2	2-59148194	60684207	2.30416e-06
2	2-59148429	60684442	4.02067e-07
2	2-59148525	60684538	1.88341e-06
2	2-59148534	60684547	4.86571e-07
2	2-59148677	60684690	4.86571e-07
2	2-59149214	60685227	1.22745e-06
2	2-59149265	60685278	2.79952e-06
2	2-59149302	60685315	2.88421e-06
2	2-59150308	60686321	4.02067e-07
2	2-59150335	60686348	9.15175e-07
2	2-59152237	60688249	4.83785e-07
2	2-59152325	60688337	4.86571e-07
2	2-59152845	60688857	1.64762e-06
2	2-59154276	60690288	4.86571e-07
2	2-59154387	60690399	4.02067e-07
2	2-59154758	60690770	1.77957e-06
2	2-59155009	60691021	4.86571e-07
2	2-59156211	60692223	4.86571e-07
2	2-59156757	60692769	2.02213e-06
2	2-59157140	60693152	4.02067e-07
2	2-59157211	60693223	4.02067e-07
2	2-59157218	60693230	4.02067e-07
2	2-59157524	60693536	4.86571e-07
2	2-59157615	60693627	4.02067e-07
2	2-59157798	60693810	1.45197e-06
2	2-59158734	60694746	1.83192e-06
2	2-59160208	60696219	1.66914e-06
2	2-59160937	60696948	1.83192e-06
2	2-59161552	60697563	4.95755e-06
2	2-59161631	60697642	3.62393e-08
2	2-59161971	60697982	1.98578e-06
2	2-59169857	60705868	4.86571e-07
2	2-59170403	60706414	1.53979e-06
2	2-59171483	60707488	4.02067e-07
2	2-59171781	60707784	1.48738e-06
2	2-59172444	60708447	4.08672e-06
2	2-59172500	60708503	1.83192e-06
2	2-59172501	60708504	1.83192e-06
2	2-59172787	60708790	4.02067e-07
2	2-59173098	60709101	4.02067e-07
2	2-59173159	60709162	1.7423e-06
2	2-59173479	60709482	4.02067e-07
2	2-59174964	60710966	7.08231e-07
2	2-59175311	60711313	6.19505e-07
2	2-59176169	60712171	3.61019e-07
2	2-59176715	60712717	5.34058e-06
2	2-59177050	60713052	4.86571e-07
2	2-59179253	60715255	1.37507e-07
2	2-59180367	60716369	1.55412e-06
2	2-59180386	60716388	4.02067e-07
2	2-59180560	60716562	4.02067e-07
2	2-59180941	60716943	4.02067e-07
2	2-59181203	60717205	1.16464e-06
2	2-59182187	60718189	4.86571e-07
2	2-59182334	60718336	1.64762e-06
2	2-59182340	60718342	1.64762e-06
2	2-59183938	60719940	4.02067e-07
2	2-59185830	60721832	1.66493e-06
2	2-59186894	60722896	1.83192e-06
2	2-59187468	60723470	4.86571e-07
2	2-59188716	60724718	8.32539e-07
2	2-59188882	60724884	4.02067e-07
2	2-59188963	60724965	1.66917e-06
2	2-59189200	60725202	4.02067e-07
2	2-59190603	60726605	4.79223e-07
2	2-59190685	60726687	1.64109e-06
2	2-59191168	60727170	3.86362e-07
2	2-59192757	60728758	4.48321e-06
2	2-59195433	60731434	4.86571e-07
2	2-59196305	60732306	4.28841e-07
2	2-59196552	60732553	4.86571e-07
2	2-59197433	60733434	4.02067e-07
2	2-59199158	60735158	4.86571e-07
2	2-59199315	60735315	1.83192e-06
2	2-59199341	60735341	1.83192e-06
2	2-59200744	60736744	1.64762e-06
2	2-59203526	60739526	4.86571e-07
2	2-59203876	60739876	4.86571e-07
2	2-59203992	60739992	4.73768e-07
2	2-59204007	60740007	7.67637e-07
2	2-59205205	60741205	4.86571e-07
2	2-59206094	60742094	1.51312e-07
2	2-59206672	60742672	2.65235e-07
2	2-59206888	60742888	4.02067e-07
2	2-59207317	60743317	4.87859e-07
2	2-59207579	60743579	6.04785e-07
2	2-59207981	60743981	4.02067e-07
2	2-59208340	60744340	4.02067e-07
2	2-59208713	60744713	4.86571e-07
2	2-59209332	60745332	4.86571e-07
2	2-59209817	60745817	4.02067e-07
2	2-59211363	60747363	3.30331e-06
2	2-59211523	60747523	4.86571e-07
2	2-59211738	60747738	2.13584e-06
2	2-59214272	60750272	4.02067e-07
2	2-59214274	60750274	4.02067e-07
2	2-59215424	60751424	1.23067e-06
2	2-59215480	60751480	5.06448e-07
2	2-59216033	60752033	1.83192e-06
2	2-59216038	60752038	1.83192e-06
2	2-59216062	60752062	1.83192e-06
2	2-59216179	60752179	4.20902e-07
2	2-59216320	60752320	5.08813e-07
2	2-59218382	60754382	1.33096e-07
2	2-59219223	60755223	7.00078e-07
2	2-59219756	60755756	2.55459e-07
2	2-59219770	60755770	3.42848e-09
2	2-59219787	60755787	3.93975e-07
2	2-59219887	60755887	8.99081e-09
2	2-59219939	60755939	5.47008e-07
2	2-59220010	60756010	4.78313e-07
2	2-59220065	60756065	3.70871e-08
2	2-59220101	60756101	1.16894e-09
2	2-59220183	60756183	3.12452e-07
2	2-59220640	60756740	9.97064e-09
2	2-59220702	60756802	6.52384e-07
2	2-59220910	60757010	9.51227e-07
2	2-59221723	60757823	2.97391e-06
2	2-59222639	60758741	1.03495e-06
2	2-59222642	60758744	2.61118e-06
2	2-59222779	60758881	2.22487e-06
2	2-59222789	60758891	1.38349e-06
2	2-59222813	60758915	3.51882e-06
2	2-59222844	60758946	5.12788e-07
2	2-59222856	60758958	2.08439e-06
2	2-59222874	60758976	6.18489e-07
2	2-59222947	60759049	1.73956e-07
2	2-59222966	60759068	1.10829e-06
2	2-59223105	60759207	3.04499e-08
2	2-59223146	60759248	3.83969e-06
2	2-59223282	60759384	2.16898e-06
2	2-59224953	60761055	5.02216e-07
2	2-59225192	60761294	8.55109e-08
2	2-59225387	60761489	2.96309e-06
2	2-59225665	60761767	6.43583e-07
2	2-59225725	60761827	6.38414e-07
2	2-59225787	60761889	1.23243e-06
2	2-59226100	60762202	2.81192e-08
2	2-59226215	60762317	4.58332e-07
2	2-59226289	60762391	1.76407e-06
2	2-59226916	60763018	8.25342e-08
2	2-59227014	60763116	2.74935e-07
2	2-59227029	60763131	4.4859e-06
2	2-59227032	60763134	4.19133e-06
2	2-59227073	60763175	1.6321e-08
2	2-59236064	60772164	3.91152e-06
2	2-59236084	60772184	3.91152e-06
2	2-59242151	60778251	4.02067e-07
2	2-59242153	60778253	4.02067e-07
2	2-59276616	60809215	2.0487e-07
2	2-59310450	60844235	1.16664e-06
2	2-59357875	60888330	7.62423e-08
2	2-59357913	60888368	6.79275e-07
2	2-59357922	60888377	5.34892e-08
2	2-59357931	60888386	2.87817e-07
2	2-59357949	60888404	2.87817e-07
2	2-59357963	60888418	4.34158e-07
2	2-59358017	60888472	2.359e-07
2	2-59358019	60888474	2.359e-07
2	2-59366717	60898625	2.23699e-10
2	2-59366733	60898641	2.10433e-06
2	2-59366745	60898653	1.71591e-06
2	2-59366751	60898659	9.43574e-07
2	2-59366753	60898661	9.43574e-07
2	2-59366772	60898680	2.0048e-06
2	2-59366805	60898713	1.45271e-06
2	2-59366815	60898723	7.17662e-07
2	2-59366817	60898725	1.45271e-06
2	2-59366819	60898727	3.68537e-06
2	2-59366838	60898746	5.85274e-07
2	2-59366854	60898762	5.18554e-06
2	2-59366873	60898781	3.48873e-09
2	2-59366961	60898869	2.22052e-09
2	2-59366965	60898873	2.49974e-09
2	2-59366985	60898893	5.19154e-09
2	2-59367029	60898937	6.73799e-09
2	2-59367032	60898940	6.73799e-09
2	2-59367174	60899082	5.98716e-09
2	2-59367327	60899235	1.41875e-07
2	2-59367388	60899296	4.76007e-09
2	2-59367392	60899300	2.52281e-07
2	2-59367398	60899306	5.03748e-07
2	2-59367401	60899309	5.03748e-07
2	2-59367405	60899313	1.29265e-07
2	2-59367413	60899321	2.54853e-06
2	2-59367441	60899349	1.19031e-07
2	2-59367481	60899389	1.69906e-07
2	2-59367581	60899489	1.72632e-06
2	2-59367590	60899498	4.33091e-06
2	2-59367628	60899536	6.81172e-08
2	2-59367639	60899547	1.89872e-09
2	2-59367649	60899557	1.03187e-08
2	2-59367681	60899589	4.5784e-09
2	2-59367684	60899592	3.37442e-08
2	2-59367742	60899650	8.60472e-07
2	2-59367744	60899652	4.25507e-09
2	2-59367783	60899691	2.82384e-09
2	2-59367795	60899703	2.41041e-07
2	2-59367801	60899709	1.4652e-07
2	2-59367812	60899720	2.2883e-07
2	2-59367833	60899741	3.43512e-08
2	2-59367876	60899784	7.92923e-08
2	2-59367930	60899838	1.52931e-07
2	2-59367932	60899840	1.29864e-07
2	2-59367938	60899846	4.89029e-08
2	2-59368022	60899930	7.67061e-07
2	2-59368036	60899944	2.47914e-10
2	2-59368049	60899957	2.06428e-09
2	2-59368062	60899970	9.20589e-09
2	2-59368063	60899971	1.07936e-08
2	2-59368064	60899972	1.07936e-08
2	2-59368093	60900001	2.69175e-08
2	2-59368104	60900012	5.35789e-06
2	2-59368153	60900061	8.26377e-07
2	2-59368158	60900066	2.0367e-07
2	2-59368164	60900072	3.01086e-07
2	2-59368188	60900096	5.84457e-09
2	2-59368204	60900112	1.39906e-07
2	2-59368206	60900114	6.86072e-09
2	2-59368231	60900139	3.31018e-07
2	2-59368252	60900160	4.17208e-11
2	2-59368265	60900173	1.01072e-09
2	2-59368274	60900182	1.08305e-09
2	2-59368281	60900189	6.62104e-07
2	2-59368309	60900217	4.40377e-08
2	2-59368332	60900240	3.15976e-06
2	2-59368352	60900260	6.3306e-09
2	2-59368393	60900301	1.56914e-06
2	2-59368453	60900361	6.96931e-07
2	2-59368490	60900398	1.16815e-07
2	2-59368522	60900430	1.79035e-08
2	2-59368525	60900433	5.06568e-08
2	2-59368535	60900443	4.23213e-06
2	2-59368562	60900470	2.18084e-07
2	2-59368585	60900493	7.00078e-07
2	2-59369509	60901417	7.94617e-08
2	2-59369514	60901422	6.95526e-08
2	2-59369531	60901439	1.44048e-07
2	2-59369533	60901441	1.44048e-07
2	2-59369596	60901504	1.66482e-06
2	2-59369751	60901659	7.94617e-08
2	2-59369762	60901670	1.55271e-06
2	2-59384066	60915974	6.19789e-07
2	2-59384074	60915982	2.43178e-06
2	2-59384117	60916025	1.76315e-08
2	2-59384358	60916266	6.95526e-08
2	2-59384676	60916584	3.3992e-07
2	2-59384827	60916735	2.98048e-08
2	2-59384902	60916810	2.23866e-07
2	2-59384941	60916849	2.5355e-06
2	2-59385018	60916926	3.44542e-07
2	2-59385155	60917063	2.9321e-07
2	2-59385211	60917119	2.48251e-06
2	2-59385212	60917120	4.13561e-07
2	2-59385335	60917243	5.69584e-07
2	2-59385408	60917316	1.44984e-07
2	2-59385498	60917406	2.2795e-06
2	2-59385627	60917535	8.45118e-09
2	2-59385640	60917548	2.92372e-06
2	2-59385780	60917688	1.88878e-07
2	2-59386092	60918000	2.67811e-09
2	2-59386632	60918540	7.0315e-07
2	2-59386648	60918556	1.87591e-06
2	2-59386790	60918698	2.90458e-07
2	2-59386994	60918902	5.86898e-09
2	2-59387088	60918996	1.46035e-06
2	2-59387361	60919269	3.8579e-09
2	2-59387409	60919317	1.79378e-06
2	2-59387429	60919337	2.47585e-07
2	2-59387444	60919352	1.00717e-06
2	2-59387479	60919387	9.71695e-09
2	2-59387510	60919418	8.14786e-09
2	2-59387816	60919724	1.17971e-07
2	2-59388010	60919918	4.88328e-06
2	2-59388260	60920168	6.15699e-07
2	2-59388304	60920212	1.40257e-06
2	2-59388320	60920228	1.91213e-06
2	2-59388352	60920260	8.43619e-07
2	2-59388427	60920335	1.27326e-07
2	2-59388680	60920588	2.6378e-06
2	2-59388951	60920859	7.15767e-07
2	2-59388965	60920873	1.95124e-07
2	2-59388972	60920880	1.53263e-06
2	2-59388981	60920889	3.34835e-08
2	2-59389013	60920921	4.04573e-07
2	2-59389026	60920934	4.66718e-07
2	2-59389029	60920937	1.01587e-06
2	2-59389123	60921031	4.86571e-07
2	2-59389583	60921491	4.41377e-06
2	2-59389644	60921552	1.8273e-08
2	2-59389710	60921618	2.85409e-07
2	2-59389711	60921619	5.38493e-10
2	2-59389885	60921793	2.51589e-07
2	2-59389892	60921800	9.57671e-07
2	2-59389900	60921808	8.95711e-08
2	2-59390091	60921999	6.14768e-09
2	2-59394442	60926350	5.1806e-07
2	2-59407026	60938934	5.03728e-07
2	2-59427494	60959404	6.27994e-07
2	2-59570250	61102300	4.97667e-06
2	2-59575588	61107635	4.45039e-07
2	2-59596251	61128294	1.0441e-06
2	2-59609518	61147883	1.72782e-07
2	2-59663326	61199035	1.15737e-06
2	2-59669104	61204813	4.70972e-06
2	2-59676683	61212392	1.39258e-06
2	2-59732099	61273098	4.65879e-08
2	2-59775690	61320933	1.26031e-06
2	2-59910891	61456277	3.73652e-06
2	2-59911239	61456625	2.92905e-06
2	2-59936040	61481115	2.9381e-06
2	2-59981853	61526926	4.45668e-06
2	2-59993121	61538194	4.98163e-06
2	2-60018304	61563237	3.49864e-07
2	2-60060943	61605988	2.88453e-06
2	2-60069719	61614761	3.49864e-07
2	2-60218432	61764978	5.13814e-07
2	2-60191355	61780329	4.56971e-06
2	2-60265661	61803102	3.49864e-07
2	2-60343628	61894076	3.57559e-06
2	2-60343848	61894296	3.57502e-06
2	2-60344313	61894761	4.96179e-06
2	2-60344549	61894997	2.0539e-06
2	2-60344886	61895334	8.17617e-07
2	2-60345195	61895643	2.18664e-06
2	2-60345202	61895650	1.2236e-06
2	2-60346782	61897230	1.45612e-06
2	2-60346957	61897405	3.49864e-07
2	2-60347539	61897987	1.10326e-06
2	2-60348136	61898584	4.87162e-06
2	2-60358049	61911179	3.49864e-07
2	2-60359047	61912177	1.19795e-06
2	2-60362830	61915960	3.49864e-07
2	2-60372181	61925309	3.49864e-07
2	2-60381502	61934628	3.49864e-07
2	2-60384790	61937916	3.95217e-07
2	2-60384873	61937999	3.49864e-07
2	2-60397209	61950330	2.32909e-06
2	2-60397563	61950684	3.49864e-07
2	2-60398631	61951752	9.96619e-07
2	2-60398792	61951913	3.49864e-07
2	2-60398939	61952060	3.49864e-07
2	2-60399491	61952612	5.50459e-08
2	2-60400941	61954062	2.69486e-07
2	2-60401308	61954429	1.28293e-06
2	2-60401380	61954501	3.49864e-07
2	2-60401537	61954658	3.49864e-07
2	2-60401709	61954830	4.42466e-06
2	2-60401766	61954887	3.49864e-07
2	2-60402304	61955425	3.49864e-07
2	2-60403031	61956152	1.28511e-06
2	2-60403249	61956370	4.44422e-07
2	2-60403736	61956857	3.49864e-07
2	2-60406193	61959314	1.02273e-06
2	2-60409428	61962546	3.49864e-07
2	2-60409546	61962667	3.49864e-07
2	2-60410263	61963385	3.49864e-07
2	2-60458858	61967362	3.49864e-07
2	2-60457799	61968421	3.49864e-07
2	2-60457202	61969018	3.49864e-07
2	2-60456759	61969461	1.59628e-06
2	2-60456467	61969753	3.49864e-07
2	2-60425359	61984087	3.49864e-07
2	2-60425566	61984294	3.49864e-07
2	2-60425818	61984546	1.13619e-06
2	2-60428668	61987396	3.49864e-07
2	2-60429359	61988087	3.49864e-07
2	2-60430530	61989258	3.44982e-07
2	2-60432763	61991491	3.88868e-06
2	2-60433011	61991739	1.67414e-06
2	2-60433586	61992314	3.10476e-07
2	2-60433940	61992668	3.49864e-07
2	2-60434071	61992799	3.49864e-07
2	2-60434807	61993535	3.49864e-07
2	2-60434926	61993654	3.49864e-07
2	2-60436027	61994755	3.49864e-07
2	2-60438876	62025619	3.49864e-07
2	2-60438891	62025634	3.49864e-07
2	2-60439587	62026941	3.49864e-07
2	2-60439706	62027060	3.49864e-07
2	2-60439786	62027140	3.49864e-07
2	2-60440823	62028179	1.87189e-07
2	2-60441663	62029019	3.49864e-07
2	2-60492536	62042133	2.88453e-06
2	2-60493928	62043525	3.49864e-07
2	2-60493934	62043531	3.49864e-07
2	2-60494401	62043998	3.49864e-07
2	2-60494443	62044040	3.49864e-07
2	2-60495359	62044956	3.49864e-07
2	2-60495853	62045450	3.49864e-07
2	2-60497004	62046601	3.49864e-07
2	2-60497929	62047526	3.49864e-07
2	2-60498093	62047690	3.49864e-07
2	2-60498199	62047796	3.49864e-07
2	2-60498252	62047849	3.49864e-07
2	2-60500334	62049931	3.49864e-07
2	2-60500593	62050190	3.49864e-07
2	2-60500795	62050392	3.49864e-07
2	2-60500896	62050493	3.49864e-07
2	2-60500908	62050505	3.49864e-07
2	2-60501162	62050759	3.49864e-07
2	2-60501221	62050818	3.49864e-07
2	2-60501222	62050819	3.49864e-07
2	2-60501244	62050841	3.49864e-07
2	2-60501456	62051053	3.49864e-07
2	2-60501458	62051055	3.49864e-07
2	2-60503063	62052660	3.49864e-07
2	2-60503095	62052692	3.49864e-07
2	2-60503105	62052702	3.49864e-07
2	2-60551717	62099814	3.49864e-07
2	2-60552174	62100271	2.31013e-07
2	2-60553238	62101337	5.22587e-06
2	2-60554129	62102227	3.49864e-07
2	2-60554372	62102472	2.69486e-07
2	2-60555770	62103805	3.49864e-07
2	2-60557044	62105078	3.49864e-07
2	2-60557664	62105698	4.20787e-07
2	2-60558121	62106155	3.49864e-07
2	2-60558454	62106488	5.33065e-06
2	2-60558539	62106573	2.68336e-06
2	2-60558573	62106607	3.831e-06
2	2-60558874	62106908	3.49864e-07
2	2-60558995	62107029	3.49864e-07
2	2-60559042	62107076	3.28039e-06
2	2-60559186	62107220	3.24311e-06
2	2-60559670	62107703	8.25309e-07
2	2-60560572	62108605	9.72786e-07
2	2-60560693	62108726	3.49864e-07
2	2-60561362	62109395	3.10476e-07
2	2-60561457	62109490	3.49864e-07
2	2-60561526	62109559	3.49864e-07
2	2-60561718	62109751	3.49864e-07
2	2-60562402	62110435	3.44407e-06
2	2-60562432	62110465	5.29482e-06
2	2-60563609	62111642	4.94973e-08
2	2-60563829	62111862	3.49864e-07
2	2-60563900	62111933	5.41233e-08
2	2-60564128	62112161	2.51393e-07
2	2-60564491	62112524	3.49864e-07
2	2-60565049	62113082	3.49864e-07
2	2-60565646	62113679	1.31916e-06
2	2-60566465	62114498	3.49864e-07
2	2-60566611	62114644	2.88453e-06
2	2-60566805	62114838	2.89793e-07
2	2-60567660	62115693	3.49864e-07
2	2-60567908	62115941	3.49864e-07
2	2-60567959	62115992	3.49864e-07
2	2-60568143	62116176	3.49864e-07
2	2-60568236	62116269	2.88453e-06
2	2-60568836	62116869	3.49864e-07
2	2-60569471	62117504	8.25309e-07
2	2-60570508	62118541	3.10476e-07
2	2-60570891	62118924	2.71092e-06
2	2-60571523	62119556	3.49864e-07
2	2-60572504	62120537	2.32909e-06
2	2-60572521	62120554	2.32909e-06
2	2-60572602	62120635	3.10476e-07
2	2-60572776	62120809	3.49864e-07
2	2-60572788	62120821	2.32909e-06
2	2-60573026	62121059	3.49864e-07
2	2-60573222	62121255	2.8895e-06
2	2-60574679	62122712	3.27479e-06
2	2-60575085	62123118	4.57473e-06
2	2-60575425	62123458	3.15444e-07
2	2-60575614	62123647	6.88518e-07
2	2-60576717	62124750	3.49864e-07
2	2-60576767	62124800	3.49864e-07
2	2-60576778	62124811	5.97236e-07
2	2-60576903	62124936	4.36674e-07
2	2-60577172	62125205	3.49864e-07
2	2-60577389	62125422	3.49864e-07
2	2-60577645	62125678	3.49864e-07
2	2-60577742	62125775	1.31916e-06
2	2-60577893	62125926	1.55487e-06
2	2-60578225	62126258	2.89358e-07
2	2-60578402	62126435	2.89358e-07
2	2-60578559	62126592	3.95406e-06
2	2-60578932	62126965	3.49864e-07
2	2-60579811	62127844	3.06358e-06
2	2-60580049	62128082	6.5779e-07
2	2-60580603	62128636	4.84102e-07
2	2-60580607	62128640	4.4164e-07
2	2-60580650	62128683	3.49864e-07
2	2-60580916	62128949	2.53831e-07
2	2-60581006	62129039	2.82716e-07
2	2-60581160	62129193	4.30617e-06
2	2-60581819	62129852	3.49864e-07
2	2-60582094	62130127	1.02927e-06
2	2-60582561	62130594	8.62541e-07
2	2-60582605	62130638	3.61095e-06
2	2-60582777	62130810	4.89209e-06
2	2-60582802	62130835	5.24422e-06
2	2-60583593	62131626	3.49864e-07
2	2-60583851	62131884	3.49864e-07
2	2-60583856	62131889	3.20175e-07
2	2-60584005	62132038	3.52256e-06
2	2-60584036	62132069	3.26431e-06
2	2-60584437	62132470	1.13981e-06
2	2-60585722	62133755	2.89358e-07
2	2-60585830	62133863	3.49864e-07
2	2-60588233	62136279	1.02203e-06
2	2-60588373	62136419	1.02203e-06
2	2-60588948	62136994	4.20787e-07
2	2-60589132	62137178	4.45992e-07
2	2-60589312	62137357	3.49864e-07
2	2-60589854	62137899	3.49864e-07
2	2-60590097	62138142	3.49864e-07
2	2-60590175	62138220	3.10476e-07
2	2-60590526	62138571	3.49864e-07
2	2-60591907	62139952	2.69486e-07
2	2-60593764	62141809	1.34094e-06
2	2-60594620	62142665	8.10532e-07
2	2-60596049	62144094	3.49864e-07
2	2-60596256	62144301	2.06312e-06
2	2-60596481	62144526	3.49864e-07
2	2-60596874	62144919	3.49864e-07
2	2-60597137	62145182	4.00688e-06
2	2-60597253	62145298	3.49864e-07
2	2-60597419	62145464	3.10476e-07
2	2-60598008	62146053	3.49864e-07
2	2-60598356	62146401	3.7746e-07
2	2-60598794	62146839	3.49864e-07
2	2-60598978	62147023	2.89793e-07
2	2-60600623	62148668	3.49864e-07
2	2-60600869	62148914	3.49864e-07
2	2-60600960	62149005	5.08286e-07
2	2-60602527	62150572	3.49864e-07
2	2-60602565	62150610	3.49864e-07
2	2-60602584	62150629	3.49864e-07
2	2-60602938	62150877	3.49864e-07
2	2-60603232	62151171	1.33717e-06
2	2-60603417	62151356	3.49864e-07
2	2-60603421	62151360	3.49864e-07
2	2-60603422	62151361	3.49864e-07
2	2-60604686	62152625	3.49864e-07
2	2-60605130	62153069	1.31916e-06
2	2-60605376	62153315	3.49864e-07
2	2-60605465	62153404	9.14789e-07
2	2-60605729	62153668	4.84632e-07
2	2-60605735	62153674	3.94282e-07
2	2-60606104	62154043	3.53725e-06
2	2-60607425	62155362	5.25888e-07
2	2-60607610	62155547	1.19795e-06
2	2-60607794	62155731	4.41547e-06
2	2-60608757	62156693	3.49864e-07
2	2-60609725	62157661	3.49864e-07
2	2-60609937	62157873	3.49864e-07
2	2-60611672	62159608	3.49864e-07
2	2-60612381	62160317	3.20868e-07
2	2-60612772	62160708	3.49864e-07
2	2-60613747	62161683	3.49864e-07
2	2-60613828	62161764	1.19806e-08
2	2-60613839	62161775	3.49864e-07
2	2-60614128	62162064	3.49864e-07
2	2-60614167	62162103	3.49864e-07
2	2-60614405	62162341	3.49864e-07
2	2-60614449	62162385	3.49864e-07
2	2-60615050	62162986	1.7469e-06
2	2-60615257	62163193	3.49864e-07
2	2-60615384	62163320	2.72079e-06
2	2-60615514	62163450	3.49864e-07
2	2-60616115	62164051	3.49864e-07
2	2-60617644	62165580	7.50875e-07
2	2-60617756	62165692	3.82474e-07
2	2-60618753	62166689	3.95117e-07
2	2-60620617	62168552	3.49864e-07
2	2-60620685	62168620	3.49864e-07
2	2-60621746	62169681	3.49864e-07
2	2-60622248	62170183	3.49864e-07
2	2-60624523	62172456	3.49864e-07
2	2-60624580	62172513	2.32909e-06
2	2-60627949	62175882	1.58375e-06
2	2-60628316	62176249	3.49864e-07
2	2-60634501	62182431	1.33866e-06
2	2-60634978	62182908	9.47901e-07
2	2-60637979	62185907	2.37022e-07
2	2-60638771	62186698	1.51342e-06
2	2-60639417	62187344	2.82993e-06
2	2-60640239	62188166	3.10476e-07
2	2-60640266	62188193	3.10476e-07
2	2-60640278	62188205	1.33942e-06
2	2-60641001	62188928	4.29818e-06
2	2-60642737	62190664	3.49864e-07
2	2-60643084	62191009	3.49864e-07
2	2-60643623	62191537	1.54383e-08
2	2-60644337	62192251	3.10476e-07
2	2-60656898	62211117	2.25843e-07
2	2-60670160	62224370	2.12415e-06
2	2-60672340	62226550	4.94142e-06
2	2-60672388	62226598	3.49864e-07
2	2-60672575	62226785	1.16115e-06
2	2-60672591	62226801	2.77384e-06
2	2-60672690	62226900	4.31315e-06
2	2-60672841	62227051	3.49864e-07
2	2-60672955	62227165	1.14737e-07
2	2-60674505	62228715	4.00688e-06
2	2-60675989	62230199	8.94444e-07
2	2-60684895	62239104	1.62625e-06
2	2-60696452	62250584	8.80119e-07
2	2-60697640	62251772	3.49864e-07
2	2-60698808	62252937	3.49864e-07
2	2-60698837	62252966	3.49864e-07
2	2-60698975	62253104	2.77815e-06
2	2-60698986	62253115	3.49864e-07
2	2-60699033	62253162	5.3623e-06
2	2-60699085	62253214	3.49864e-07
2	2-60699152	62253281	2.02246e-06
2	2-60699232	62253361	3.49864e-07
2	2-60699385	62253514	3.49864e-07
2	2-60699611	62253740	3.49864e-07
2	2-60699659	62253788	3.49864e-07
2	2-60700136	62254265	3.49864e-07
2	2-60700406	62254535	2.30437e-06
2	2-60700576	62254705	1.70616e-06
2	2-60700831	62254960	3.44165e-06
2	2-60701328	62255457	3.49864e-07
2	2-60701613	62255742	3.49864e-07
2	2-60706500	62260629	1.11226e-06
2	2-60706517	62260646	7.80251e-07
2	2-60706540	62260669	2.64406e-06
2	2-60706545	62260674	3.80316e-07
2	2-60707085	62261214	4.19914e-06
2	2-60707113	62261242	1.34027e-06
2	2-60707378	62261507	2.52578e-06
2	2-60707532	62261661	1.27097e-06
2	2-60707734	62261863	3.63553e-06
2	2-60709069	62263198	1.09207e-06
2	2-60709078	62263207	1.09207e-06
2	2-60709766	62263895	2.66961e-06
2	2-60710056	62264185	4.99363e-07
2	2-60710447	62264576	5.78932e-07
2	2-61681274	62291278	8.55176e-07
2	2-61694310	62304314	2.71e-06
2	2-61704206	62314208	3.55649e-06
2	2-61551692	62401438	2.24396e-06
2	2-61506734	62447620	4.20955e-08
2	2-61438089	62466348	1.25465e-06
2	2-61394299	62501468	1.45238e-06
2	2-61436776	62543931	4.44044e-07
2	2-61446504	62544778	2.21556e-06
2	2-61446666	62544940	3.03917e-06
2	2-61457739	62556488	7.09929e-07
2	2-61460125	62558874	1.74138e-06
2	2-61461744	62560492	5.23184e-06
2	2-61462213	62560961	1.58964e-06
2	2-61466659	62565404	1.16138e-07
2	2-61466970	62565715	4.58057e-06
2	2-61654623	62599084	2.71e-06
2	2-61635777	62617663	5.20904e-06
2	2-61635627	62617813	2.03623e-06
2	2-61635552	62617888	5.12772e-06
2	2-61635036	62618404	5.58416e-07
2	2-61634992	62618448	1.73223e-06
2	2-61634817	62618623	2.25429e-06
2	2-61634580	62618860	1.91723e-06
2	2-61623561	62629879	4.11688e-06
2	2-61623017	62630423	4.71219e-06
2	2-61623008	62630432	4.71219e-06
2	2-61622812	62630628	4.39339e-06
2	2-61621453	62631987	4.21096e-06
2	2-61619028	62634412	4.21096e-06
2	2-61821907	62716231	2.64552e-06
2	2-61935838	62830352	9.52982e-07
2	2-61936396	62830910	1.19023e-06
2	2-61938174	62832688	1.19023e-06
2	2-61955665	62857251	1.12425e-06
2	2-61957812	62859398	1.19023e-06
2	2-61957869	62859455	2.91635e-06
2	2-61958939	62860525	1.19023e-06
2	2-62103236	62899193	5.34538e-06
2	2-62127385	63039300	4.03666e-07
2	2-62184860	63104870	5.81981e-07
2	2-62184675	63105055	4.03666e-07
2	2-62184567	63105163	1.72003e-06
2	2-62184497	63105233	4.35832e-06
2	2-62183929	63105801	5.81981e-07
2	2-62226391	63116483	5.81981e-07
2	2-62174257	63171116	2.70399e-06
2	2-62461467	63396923	2.35926e-06
2	2-62464126	63399582	8.81922e-07
2	2-62464196	63399652	2.79426e-06
3	3-9582001	8848919	2.14304e-06
3	3-9583486	8850404	3.4195e-06
3	3-9583942	8850860	2.36723e-06
3	3-9584009	8850927	2.23889e-06
3	3-9584013	8850931	2.23889e-06
3	3-9584139	8851057	1.00362e-07
3	3-9584631	8851549	2.12946e-07
3	3-9585486	8852404	8.22237e-07
3	3-9586168	8853086	3.49935e-06
3	3-9586338	8853256	1.88561e-06
3	3-9586394	8853312	4.81573e-06
3	3-9586405	8853323	1.09962e-06
3	3-9586695	8853613	4.9849e-08
3	3-9586874	8853792	3.76617e-06
3	3-9587104	8854022	2.1986e-06
3	3-9587457	8854375	1.31098e-07
3	3-9588353	8855271	6.75744e-07
3	3-9588453	8855371	1.55169e-06
3	3-9588464	8855382	6.11397e-07
3	3-9588559	8855478	5.3409e-06
3	3-9588953	8855872	1.20408e-06
3	3-9588954	8855873	3.46549e-07
3	3-9589775	8856694	2.371e-06
3	3-9590064	8856983	7.57258e-07
3	3-9590071	8856990	7.85344e-07
3	3-9590885	8857804	1.22478e-06
3	3-9591517	8858436	2.8258e-06
3	3-9591900	8858819	5.17304e-06
3	3-9593288	8860207	1.92302e-06
3	3-9595408	8862331	4.91614e-06
3	3-9596437	8863360	1.90702e-07
3	3-9596632	8863555	1.28247e-07
3	3-9596702	8863625	3.93046e-07
3	3-9596787	8863710	1.13247e-06
3	3-9597310	8864233	9.82884e-07
3	3-9597658	8864581	1.68759e-06
3	3-9597697	8864620	3.98121e-06
3	3-9597728	8864651	1.68759e-06
3	3-9597772	8864695	3.98121e-06
3	3-9597774	8864697	1.68759e-06
3	3-9597791	8864714	1.92986e-06
3	3-9597798	8864721	3.95074e-06
3	3-9598715	8865638	5.42443e-06
3	3-9602037	8868960	7.29654e-07
3	3-9615391	8882648	3.147e-06
3	3-9615504	8882761	3.10385e-06
3	3-9615542	8882799	2.07846e-06
3	3-9615733	8882990	1.93153e-07
3	3-9615830	8883087	1.59812e-06
3	3-9615846	8883103	3.71444e-06
3	3-9615848	8883105	3.71444e-06
3	3-9616734	8883990	2.51658e-06
3	3-9616747	8884003	1.22726e-06
3	3-9617378	8884634	4.44822e-07
3	3-9617621	8884877	5.37473e-06
3	3-9617675	8884931	1.61919e-06
3	3-9617919	8885175	1.64585e-06
3	3-9618028	8885284	2.89926e-07
3	3-9618033	8885289	2.03953e-06
3	3-9618104	8885360	2.23175e-06
3	3-9618840	8886096	1.62978e-07
3	3-9618865	8886121	3.12052e-08
3	3-9618937	8886193	3.757e-06
3	3-9619019	8886275	2.87945e-08
3	3-9620373	8887629	4.03184e-06
3	3-9620454	8887710	4.09229e-06
3	3-9620471	8887727	4.45914e-06
3	3-9621120	8888376	2.97894e-07
3	3-9622495	8889751	1.09962e-06
3	3-9622739	8889995	2.80997e-06
3	3-9624012	8891267	1.94905e-06
3	3-9624312	8891567	3.40937e-08
3	3-9624728	8891983	3.69054e-06
3	3-9626660	8893914	1.43789e-06
3	3-9627802	8895056	3.37633e-06
3	3-9627992	8895246	1.55873e-06
3	3-9628111	8895365	2.36527e-07
3	3-9628121	8895375	3.15939e-06
3	3-9628241	8895495	2.46866e-07
3	3-9640362	8911740	9.93566e-07
3	3-9640396	8911774	9.51618e-07
3	3-9640462	8911840	9.03385e-07
3	3-9640934	8912312	4.34157e-06
3	3-9641617	8912995	3.29923e-06
3	3-9641898	8913276	4.28314e-06
3	3-9642304	8913682	3.73747e-06
3	3-9670248	8942671	1.68912e-06
3	3-9670232	8942687	1.08623e-06
3	3-9678209	8946375	2.92973e-06
3	3-9678241	8946407	8.40556e-07
3	3-9678543	8946709	2.1351e-06
3	3-9678554	8946720	2.23129e-08
3	3-9678893	8947059	3.98439e-07
3	3-9678978	8947144	3.49114e-07
3	3-9679034	8947200	8.22954e-08
3	3-9679073	8947239	1.13855e-06
3	3-9679152	8947318	2.85223e-06
3	3-9679431	8947597	3.88524e-07
3	3-9679564	8947730	3.69994e-06
3	3-9679601	8947767	5.22291e-06
3	3-9729617	8977478	3.11779e-06
3	3-9728180	8978915	5.42273e-07
3	3-9727410	8979685	1.92086e-06
3	3-9727399	8979696	4.22851e-06
3	3-9727215	8979880	3.58471e-06
3	3-9725889	8981206	4.90352e-07
3	3-9724013	8983082	5.1291e-07
3	3-9723895	8983200	3.62362e-06
3	3-9723439	8983656	2.60372e-06
3	3-9723258	8983837	1.68759e-06
3	3-9722827	8984268	1.02614e-08
3	3-9721728	8985367	1.87681e-06
3	3-9721468	8985627	3.7893e-06
3	3-9721278	8985817	1.38112e-06
3	3-9702263	8995590	5.22524e-06
3	3-9703973	8997300	5.14502e-07
3	3-9704392	8997719	4.64917e-06
3	3-9704563	8997890	5.55141e-07
3	3-9704585	8997912	9.53975e-08
3	3-9704853	8998180	1.0773e-06
3	3-9706199	8999526	4.41595e-06
3	3-9706862	9000189	3.34805e-06
3	3-9706933	9000260	2.69023e-06
3	3-9706992	9000319	6.98486e-07
3	3-9707480	9000807	1.38548e-06
3	3-9707728	9001055	1.23938e-06
3	3-9708661	9001988	3.36362e-07
3	3-9708734	9002061	4.42008e-06
3	3-9709243	9002570	5.07045e-07
3	3-9710215	9003542	1.67589e-06
3	3-9711206	9004533	2.09048e-07
3	3-9711230	9004557	1.71233e-07
3	3-9712050	9005377	3.98121e-06
3	3-9712663	9005990	2.88555e-06
3	3-9712962	9006289	3.98121e-06
3	3-9775462	9050662	2.11206e-06
3	3-9775622	9050822	1.70191e-06
3	3-9783495	9058694	3.31401e-06
3	3-9805691	9080891	7.74273e-07
3	3-9805943	9081143	4.69888e-06
3	3-9806210	9081410	3.98121e-06
3	3-9810078	9085278	1.46745e-06
3	3-9811324	9086524	3.56363e-06
6	6-153102828	157084303	2.57608e-06
6	6-153103073	157084548	2.00593e-07
6	6-153103537	157085012	3.45703e-06
6	6-153103773	157085248	2.69433e-06
6	6-153105087	157086562	3.01538e-06
6	6-153115047	157096520	9.50381e-07
6	6-153115237	157096710	1.089e-06
6	6-153115864	157097337	3.98507e-06
6	6-153115873	157097346	1.37433e-06
6	6-153116005	157097478	3.24581e-06
6	6-153116173	157097646	5.05376e-06
6	6-153116194	157097667	1.54202e-07
6	6-153116312	157097785	1.98361e-06
6	6-153116933	157098406	1.54474e-06
6	6-153117535	157099008	4.81334e-06
6	6-153117553	157099026	4.81334e-06
6	6-153117567	157099040	1.33216e-06
6	6-153117594	157099067	1.34771e-06
6	6-153117599	157099072	1.34771e-06
6	6-153117617	157099090	2.54968e-06
6	6-153118024	157099497	5.2055e-07
6	6-153118213	157099686	3.11811e-07
6	6-153118241	157099714	3.37611e-07
6	6-153118432	157099905	6.34792e-07
6	6-153118565	157100038	4.37786e-06
6	6-153118688	157100161	3.44797e-06
9	9-75044954	77117946	1.67669e-08
9	9-75065158	77138116	8.60409e-07
9	9-75065165	77138123	3.20656e-07
9	9-75065244	77138202	2.42887e-06
9	9-75365618	77412806	5.43207e-06
9	9-75375008	77422196	3.55603e-06
9	9-75375009	77422197	3.55603e-06
9	9-122190579	123895354	5.93888e-07
9	9-122190591	123895366	3.3335e-06
9	9-122191770	123896545	1.16001e-06
9	9-122191790	123896565	3.6866e-07
9	9-122197348	123902123	3.92263e-06
9	9-122198925	123903700	8.17603e-07
9	9-122199735	123904510	4.81434e-06
9	9-122258955	123926653	9.89768e-07
9	9-122275182	123969057	3.79089e-06
