1	1-147737926	149360766	2.0131e-07
1	1-147804796	149423368	2.13432e-06
1	1-147804871	149423443	4.45207e-06
1	1-273807683	278575027	4.44648e-06
1	1-273851964	278618394	3.75223e-06
1	1-273887018	278626423	3.65698e-06
1	1-274005807	278777631	3.36835e-06
1	1-274049379	278820392	3.64434e-06
1	1-274049412	278820425	4.31837e-06
1	1-274057037	278828050	2.2621e-06
1	1-274075021	278845848	2.60945e-06
1	1-274127332	278897599	4.94369e-06
1	1-299826267	305343346	4.26772e-06
1	1-299829985	305347064	4.9003e-06
1	1-299841296	305358375	7.54667e-07
1	1-299848991	305366068	5.26148e-06
1	1-299850265	305367342	2.15932e-06
1	1-299855882	305372956	3.25641e-06
1	1-299940202	305458504	3.9302e-06
1	1-299948932	305467232	3.00036e-06
1	1-299964617	305482916	1.67215e-06
1	1-299970263	305490038	3.1013e-06
1	1-299970273	305490048	2.95219e-06
2	2-4267370	4233055	4.71949e-06
2	2-4274460	4246716	4.82e-06
2	2-4306817	4278963	3.94298e-07
2	2-4312063	4284209	3.71963e-07
2	2-4358156	4329782	1.97031e-07
2	2-4471519	4432732	4.36261e-06
2	2-4506480	4468325	1.16802e-06
2	2-4512394	4474239	8.28543e-07
2	2-4514560	4476405	1.56209e-06
2	2-4578026	4539881	3.09404e-07
2	2-4578382	4540237	2.45832e-07
2	2-4580341	4542196	1.51555e-06
2	2-4580352	4542207	1.51555e-06
2	2-4580391	4542246	1.56854e-06
2	2-4581579	4543434	2.21615e-06
2	2-202956980	208876496	1.28967e-06
2	2-202959601	208879117	1.21959e-06
2	2-202959609	208879125	1.77951e-06
2	2-203302927	209242106	9.55019e-07
2	2-203302943	209242122	4.65379e-06
2	2-203398270	209337161	8.85501e-07
2	2-205430802	211379599	3.3388e-07
2	2-205431260	211380057	1.46603e-07
2	2-205537071	211467874	3.64716e-06
2	2-223954834	230341039	2.70692e-07
2	2-223955554	230341759	4.00475e-07
2	2-224037116	230416359	9.03529e-07
2	2-224260021	230644405	1.16798e-06
2	2-224265485	230649869	1.83376e-06
2	2-224267509	230651893	4.26273e-06
2	2-224279597	230664881	2.2054e-06
2	2-224279603	230664887	2.459e-06
3	3-3925133	3181300	3.17779e-06
3	3-3953870	3234128	2.71573e-07
3	3-3954927	3235185	3.43981e-06
3	3-3965628	3245886	4.16082e-06
3	3-3966792	3247050	1.36724e-06
3	3-128669563	129169414	1.81203e-06
3	3-128669591	129169442	2.90553e-06
3	3-128670129	129169980	2.39987e-09
3	3-160057469	161629804	5.11149e-06
3	3-160057846	161630181	2.59056e-06
3	3-160057979	161630314	1.01185e-07
3	3-160058216	161630551	1.35138e-06
3	3-160058221	161630556	3.85083e-07
3	3-160058260	161630595	1.37521e-06
3	3-160058384	161630719	2.33362e-06
3	3-160058548	161630883	1.4545e-06
3	3-160058584	161630919	4.49657e-06
3	3-160059010	161631345	2.77273e-06
3	3-160059404	161631739	2.86958e-06
3	3-199520549	202576560	1.82651e-06
3	3-199520853	202576864	1.56553e-06
3	3-199521049	202577060	2.62412e-06
3	3-199622586	202649982	4.56896e-06
3	3-199737550	202757428	7.16722e-07
3	3-199737574	202757452	8.58384e-07
3	3-199749791	202769668	2.59995e-06
3	3-199750083	202769960	3.45392e-06
3	3-199750269	202770146	1.21403e-06
3	3-200928721	202865613	5.29925e-06
3	3-200922597	202871734	4.65404e-06
3	3-200909555	202914142	4.50091e-06
3	3-199815387	204045352	7.11901e-07
3	3-199814434	204046305	3.27605e-06
3	3-199814384	204046355	2.40356e-06
3	3-199814159	204046580	6.59953e-07
3	3-199799073	204061665	9.91213e-07
3	3-199798620	204062118	8.1666e-07
4	4-7014932	7816173	9.59712e-07
4	4-7015268	7816509	2.84837e-07
4	4-7015335	7816576	2.9717e-07
4	4-7016081	7817322	2.7247e-06
4	4-89395166	92871343	5.07001e-06
4	4-89418027	92893357	3.63619e-07
4	4-89427047	92902373	3.79972e-07
4	4-89427051	92902377	1.39043e-08
4	4-89438756	92914083	1.48865e-06
4	4-89440264	92915591	4.54995e-08
4	4-89440469	92915796	8.01818e-07
4	4-89442036	92917363	2.78937e-08
4	4-89443363	92918690	3.67964e-06
4	4-89459265	92934592	7.04391e-07
4	4-89531260	93006586	5.32203e-06
4	4-122892300	125845497	4.3988e-06
4	4-122893298	125846486	3.14934e-06
4	4-122897573	125850760	3.04644e-06
4	4-122902472	125855658	3.33008e-06
4	4-122923883	125877129	2.10363e-06
4	4-122959491	125912733	2.19793e-07
4	4-123125959	126078371	5.35231e-06
4	4-123133322	126085734	5.60828e-07
4	4-123138175	126090586	9.94075e-07
4	4-146970843	150317829	5.76371e-07
4	4-146995964	150341969	4.23759e-06
4	4-146997390	150343395	1.77412e-06
4	4-146997426	150343431	3.18926e-06
4	4-146998187	150344192	3.56759e-06
4	4-146999756	150345761	1.32932e-06
7	7-156226491	161582876	9.98251e-09
7	7-156236726	161592343	3.75431e-06
7	7-156236779	161592396	2.94916e-08
7	7-156236941	161592558	5.0817e-06
7	7-156236969	161592586	5.41371e-06
7	7-156237460	161593077	3.48055e-08
7	7-156237485	161593102	4.71089e-06
7	7-156237543	161593160	1.33215e-06
7	7-156238179	161593796	2.88165e-07
7	7-156238182	161593799	2.88165e-07
7	7-156238187	161593804	2.88165e-07
7	7-156238310	161593927	7.55279e-09
7	7-156238714	161594331	1.7625e-07
7	7-156238730	161594347	1.96907e-07
7	7-156238731	161594348	1.96907e-07
7	7-156238850	161594467	3.1405e-08
7	7-156238862	161594479	3.1405e-08
7	7-156238942	161594559	1.96907e-07
7	7-156238960	161594577	1.96907e-07
7	7-156238983	161594600	1.96907e-07
7	7-168363518	173885050	2.25193e-06
7	7-168381630	173903160	1.01712e-06
7	7-168384226	173905755	4.0033e-06
7	7-168384257	173905786	2.68926e-06
7	7-168427661	173939130	5.68795e-07
7	7-173286300	177674747	1.4921e-07
7	7-173286264	177674783	3.02287e-07
7	7-173285237	177675810	2.1306e-07
7	7-173284962	177676085	2.40526e-07
7	7-173284954	177676093	5.50747e-08
7	7-173284750	177676297	2.74966e-06
7	7-173284681	177676366	6.91012e-07
7	7-173284535	177676512	2.87748e-06
7	7-173284478	177676569	4.44889e-09
7	7-173284431	177676616	1.59869e-08
7	7-173284223	177676824	2.54942e-06
7	7-173284161	177676886	1.30107e-07
7	7-173275564	177685483	2.67184e-06
7	7-173275443	177685604	4.59079e-07
7	7-173275417	177685630	1.28832e-07
7	7-173274998	177686049	3.23507e-07
7	7-173273594	177687451	4.23171e-08
7	7-173273593	177687452	4.23171e-08
7	7-173273559	177687486	9.86971e-07
7	7-173273341	177687704	4.25438e-07
7	7-173273296	177687749	9.83516e-07
7	7-173273279	177687766	3.62522e-07
7	7-173271759	177689286	1.87211e-07
7	7-173271513	177689532	4.34504e-07
7	7-173271473	177689572	7.72367e-07
7	7-173268448	177692597	1.74521e-07
7	7-172782776	178136950	2.08606e-06
7	7-172781363	178138363	9.86413e-07
7	7-172780546	178139180	2.60475e-06
7	7-172763390	178156336	4.21088e-06
8	8-28705277	29654471	1.73292e-06
8	8-28779389	29728172	2.05144e-06
8	8-28780656	29729439	2.90215e-06
8	8-28784412	29733195	5.07917e-07
8	8-28795644	29743929	4.99677e-06
8	8-28807671	29755951	9.92934e-07
8	8-28808297	29756577	1.50906e-06
8	8-28819292	29766860	1.57411e-06
8	8-137322174	141842182	2.37493e-06
8	8-137341300	141857292	2.71495e-06
8	8-137339938	141858653	4.92489e-06
8	8-137381840	141913899	5.20969e-06
8	8-137455764	141997534	4.86805e-06
8	8-137457709	141999479	3.45433e-06
8	8-137458270	142000040	5.42567e-06
8	8-137463704	142005474	1.07493e-06
8	8-137516069	142034568	3.82661e-06
8	8-137503500	142047137	3.61339e-06
8	8-137557482	142097783	1.41222e-06
8	8-137557601	142097902	2.06232e-06
8	8-137558783	142099084	2.91375e-06
8	8-137558787	142099088	3.41795e-06
9	9-4958739	4561176	2.37284e-06
9	9-4958919	4561356	5.12606e-06
9	9-4959017	4561454	2.01513e-06
9	9-4959035	4561472	4.40734e-06
9	9-4959039	4561476	4.40734e-06
9	9-4959069	4561506	3.23877e-06
9	9-4975667	4579142	4.78411e-06
9	9-4976344	4580971	3.17973e-06
9	9-4976350	4580977	4.79379e-06
9	9-4976527	4581154	1.67679e-06
9	9-4976878	4581505	1.43198e-06
9	9-4976947	4581574	1.87605e-06
9	9-4976966	4581593	5.23356e-06
9	9-5003823	4608317	4.32443e-06
9	9-5003985	4608479	1.27183e-06
9	9-5004012	4608506	2.7813e-06
9	9-14709098	14372750	2.94848e-06
9	9-14688812	14392885	6.97609e-07
9	9-14724745	14410335	3.73477e-06
9	9-14724756	14410346	9.58045e-09
9	9-14725457	14411047	3.52012e-06
9	9-14781084	14484108	2.96111e-06
9	9-14805611	14509721	3.03489e-06
9	9-136658105	138979544	5.18068e-07
9	9-136658537	138979976	2.1121e-07
9	9-136659277	138980716	4.24888e-06
9	9-136659316	138980755	1.97703e-06
9	9-136659513	138980952	8.53573e-09
9	9-136659708	138981147	8.04618e-07
9	9-136661257	138982696	5.63889e-08
9	9-136661269	138982708	5.66197e-08
9	9-136661593	138983032	5.84438e-07
9	9-136661819	138983258	3.83785e-07
9	9-136663216	138984655	7.12802e-07
9	9-136682423	138999950	2.26546e-08
9	9-136685093	139002616	3.39405e-06
9	9-136691448	139008971	1.95128e-06
9	9-136694035	139011558	8.10958e-09
9	9-136695319	139012842	2.05524e-06
9	9-136695360	139012883	5.57584e-07
9	9-136716391	139031794	2.44647e-06
9	9-136722141	139037542	3.37506e-06
9	9-136728222	139043623	3.47677e-06
9	9-136807735	139132244	2.26743e-08
9	9-136809164	139133673	1.42289e-07
9	9-136816256	139140765	2.53911e-10
9	9-136816519	139141028	3.01877e-07
9	9-136817663	139142172	6.6815e-10
9	9-136818230	139142739	5.24098e-09
9	9-136822896	139147404	3.46218e-07
9	9-136827902	139152410	2.38798e-09
9	9-136828144	139152652	1.31348e-09
9	9-136828312	139152820	2.35734e-07
9	9-136828627	139153135	1.9147e-10
9	9-136828646	139153154	1.9147e-10
9	9-136828669	139153177	1.75861e-10
9	9-136829231	139153739	1.37524e-10
9	9-136829523	139154031	2.60712e-09
9	9-136829631	139154139	3.12991e-09
9	9-136829774	139154282	5.22219e-07
9	9-136829789	139154297	4.91123e-09
9	9-136830271	139154779	5.63854e-07
9	9-136836187	139160691	4.30288e-09
9	9-136836294	139160798	6.9739e-07
9	9-136836491	139160995	2.1733e-06
9	9-136836843	139161347	1.04742e-06
9	9-136836971	139161475	4.90201e-10
9	9-136836991	139161495	3.01729e-10
9	9-136837010	139161514	6.93497e-10
9	9-136837216	139161720	7.18171e-10
9	9-136837551	139162055	1.49322e-10
9	9-136837717	139162221	1.5135e-10
9	9-136837719	139162223	1.5135e-10
9	9-136837843	139162347	3.03838e-07
9	9-136838154	139162658	1.59454e-10
9	9-136838178	139162682	1.73694e-10
9	9-136838230	139162734	1.43e-10
9	9-136838544	139163048	2.02583e-06
9	9-136840129	139164633	4.66482e-11
9	9-136840396	139164900	2.97738e-10
9	9-136840453	139164957	2.51605e-10
9	9-136840651	139165155	1.96442e-10
9	9-136840846	139165350	1.44207e-10
9	9-136841579	139166083	1.78721e-10
9	9-136841869	139166373	1.94984e-08
9	9-136841980	139166484	8.44957e-10
9	9-136842365	139166869	7.97795e-10
9	9-136842389	139166893	5.43263e-10
9	9-136842844	139167349	1.19211e-10
9	9-136843836	139168341	2.29182e-10
9	9-136843896	139168401	1.38752e-08
9	9-136843952	139168457	1.81641e-08
9	9-136868807	139193302	5.93684e-07
9	9-136869106	139193601	9.06982e-07
9	9-136869331	139193826	6.05713e-07
9	9-136869390	139193885	2.35218e-08
9	9-136870408	139194903	2.07302e-09
9	9-136872032	139196527	3.53979e-07
9	9-136872365	139196860	1.06546e-09
9	9-136872705	139197200	2.80395e-09
9	9-136917225	139241699	1.05257e-10
9	9-136924367	139264627	5.01148e-06
9	9-145748572	148319447	2.02358e-07
9	9-145786601	148369509	3.73106e-06
9	9-145829843	148413664	3.0672e-06
9	9-145910876	148473986	6.37219e-07
9	9-145949061	148531898	4.08848e-07
9	9-145971515	148553454	2.39241e-06
9	9-145987680	148570183	4.20967e-06
9	9-146031868	148615167	3.43673e-08
9	9-146145970	148726780	1.48969e-07
9	9-146157936	148738746	4.76176e-06
9	9-146171821	148752629	2.90395e-07
9	9-146267983	148852839	1.99033e-06
9	9-146269489	148854345	1.05922e-06
9	9-146277396	148862252	5.04624e-06
9	9-146278682	148863538	4.48753e-06
9	9-146314584	148898045	4.29928e-06
10	10-100856643	101366207	1.65472e-06
10	10-100858377	101367941	2.71914e-06
10	10-100953169	101458024	1.58478e-06
