2	2-58256637	59809256	2.93057e-06
2	2-58290780	59843397	3.5746e-07
2	2-58291726	59844343	1.55121e-06
2	2-58291799	59844416	5.03693e-08
2	2-58301002	59853619	1.41376e-06
2	2-58301488	59854105	1.20121e-06
2	2-58302194	59854810	2.13782e-06
2	2-58304617	59857233	4.67851e-07
2	2-58306375	59858991	1.3828e-06
2	2-58307317	59859933	2.9117e-06
2	2-58462520	60016324	1.22766e-07
2	2-58462523	60016327	1.50093e-06
2	2-58487315	60041113	2.36592e-06
2	2-58532768	60079002	2.52112e-06
2	2-58589228	60142441	2.27839e-06
2	2-58592300	60145512	9.64488e-09
2	2-58592383	60145595	1.46933e-07
2	2-58592506	60145718	6.66803e-08
2	2-58592549	60145761	2.71694e-07
2	2-58592576	60145788	5.98659e-10
2	2-58592590	60145802	3.5854e-09
2	2-58592606	60145818	6.22498e-10
2	2-58592684	60145896	7.20775e-10
2	2-58592686	60145898	2.87329e-08
2	2-58592705	60145917	3.63715e-08
2	2-58594986	60148244	3.77349e-09
2	2-58595036	60148294	4.83456e-09
2	2-58597394	60150652	1.85328e-06
2	2-58613384	60166640	1.45045e-07
2	2-58635231	60188485	5.25947e-07
2	2-58641841	60195094	1.39897e-09
2	2-58647926	60201179	7.58972e-07
2	2-58668137	60221388	4.73375e-07
2	2-58671143	60224394	2.84386e-06
2	2-58671320	60224571	3.7901e-07
2	2-58683014	60235480	1.16074e-06
2	2-58685647	60238113	3.70069e-07
2	2-58703347	60256964	5.47366e-08
2	2-58708534	60260813	1.16603e-06
2	2-58713136	60265415	3.21818e-07
2	2-58719560	60272115	6.60616e-07
2	2-58719574	60272129	6.88902e-07
2	2-58719586	60272141	6.19967e-09
2	2-58719589	60272144	2.09981e-08
2	2-58719590	60272145	8.59475e-09
2	2-58720480	60273035	1.26681e-06
2	2-58720585	60273140	1.97099e-06
2	2-58723172	60275727	1.09802e-09
2	2-58723197	60275752	6.80493e-10
2	2-58727220	60279775	1.27331e-06
2	2-58727227	60279782	7.08034e-08
2	2-58727294	60279849	9.66506e-09
2	2-58727320	60279875	3.16399e-08
2	2-58727336	60279891	2.21128e-07
2	2-58727343	60279898	5.85434e-10
2	2-58727358	60279913	1.02774e-09
2	2-58727407	60279962	2.02212e-09
2	2-58727408	60279963	2.97808e-09
2	2-58727465	60280020	1.90988e-09
2	2-58727507	60280062	5.09923e-09
2	2-58727654	60280209	1.64944e-08
2	2-58727672	60280227	4.23237e-09
2	2-58727730	60280285	1.30914e-08
2	2-58727935	60280490	1.31096e-07
2	2-58728614	60281169	6.91628e-09
2	2-58728702	60281257	8.07788e-09
2	2-58731563	60284312	7.58972e-07
2	2-58760343	60309351	3.98659e-07
2	2-58760442	60309450	8.39007e-08
2	2-58765677	60314685	2.86047e-08
2	2-58787026	60338332	1.21582e-12
2	2-58792578	60343886	5.84775e-12
2	2-58793900	60345208	2.29173e-07
2	2-58798466	60349773	4.00259e-07
2	2-58798544	60349851	1.27736e-06
2	2-58800503	60351810	7.25431e-07
2	2-58801041	60352348	1.18615e-06
2	2-58801194	60352501	4.83763e-07
2	2-58806509	60356582	2.2367e-06
2	2-58819166	60361193	5.47432e-07
2	2-58809675	60369712	1.29649e-07
2	2-58807392	60371995	4.15464e-07
2	2-58838890	60378383	7.9929e-07
2	2-58845089	60384397	1.32134e-06
2	2-58846519	60385827	4.93668e-07
2	2-58862494	60401802	2.22435e-07
2	2-58863351	60402659	5.41418e-07
2	2-58864605	60403913	1.04292e-08
2	2-58864840	60404148	9.60934e-08
2	2-58865028	60404336	1.52558e-06
2	2-58866136	60405444	1.84135e-06
2	2-58868363	60407110	1.42152e-06
2	2-58873569	60412119	6.08419e-08
2	2-58874972	60413520	3.66309e-07
2	2-58884514	60423063	2.77021e-06
2	2-58915921	60449535	5.25579e-09
2	2-58916413	60450027	4.7863e-07
2	2-58916443	60450057	1.7044e-06
2	2-58917825	60451439	5.04591e-07
2	2-58918247	60451861	1.85091e-08
2	2-58918364	60451978	7.61584e-07
2	2-58918382	60451996	1.00968e-06
2	2-58918447	60452061	8.75427e-11
2	2-58918504	60452118	6.93605e-07
2	2-58918552	60452166	6.78765e-07
2	2-58918555	60452169	3.94847e-10
2	2-58918556	60452170	2.76377e-07
2	2-58918589	60452203	5.7767e-10
2	2-58918595	60452209	1.33767e-06
2	2-58918605	60452219	4.91464e-07
2	2-58918610	60452224	1.75194e-06
2	2-58918621	60452235	1.87804e-06
2	2-58918626	60452240	6.88953e-07
2	2-58918662	60452276	7.45138e-10
2	2-58918725	60452339	2.22057e-07
2	2-58918736	60452350	1.72635e-08
2	2-58918746	60452360	8.68274e-08
2	2-58918840	60452454	1.68279e-07
2	2-58918861	60452475	1.79282e-07
2	2-58918875	60452489	1.79282e-07
2	2-58918984	60452598	1.45372e-07
2	2-58919007	60452621	2.31896e-06
2	2-58919010	60452624	2.20651e-07
2	2-58919029	60452643	2.20651e-07
2	2-58921613	60455227	3.0502e-07
2	2-58921638	60455252	1.29554e-07
2	2-58923301	60456915	1.96969e-08
2	2-58925079	60458693	1.15511e-06
2	2-58925138	60458752	2.12573e-06
2	2-58925591	60459205	5.88438e-07
2	2-58925873	60459487	1.03002e-06
2	2-58926234	60459848	2.13089e-06
2	2-58927313	60460927	7.73634e-09
2	2-58928271	60461885	6.93216e-09
2	2-58928292	60461906	3.8153e-08
2	2-58928331	60461945	6.87663e-09
2	2-58929242	60462856	1.4244e-06
2	2-58929423	60463037	5.401e-07
2	2-58929477	60463091	2.73273e-06
2	2-58930136	60463750	3.63666e-07
2	2-58937505	60471118	1.15409e-07
2	2-58937975	60471588	1.16458e-06
2	2-58941860	60475473	2.3475e-09
2	2-58941869	60475482	1.37049e-07
2	2-58941914	60475527	1.86168e-08
2	2-58941993	60475606	1.79282e-07
2	2-58942049	60475662	1.79282e-07
2	2-58942054	60475667	1.68279e-07
2	2-58942221	60475834	1.09485e-07
2	2-58946064	60479677	1.24609e-06
2	2-58946087	60479700	1.84687e-06
2	2-58946106	60479719	1.84687e-06
2	2-58946127	60479740	6.37773e-07
2	2-58946148	60479761	2.83393e-07
2	2-58946162	60479775	3.52772e-07
2	2-58946200	60479813	2.88694e-07
2	2-58946210	60479823	1.63167e-07
2	2-58946340	60479953	1.23469e-08
2	2-58946344	60479957	1.36263e-07
2	2-58946442	60480055	5.94011e-07
2	2-58946444	60480057	1.47064e-08
2	2-58946476	60480089	1.68279e-07
2	2-58946804	60480417	6.75444e-08
2	2-58948768	60482381	1.9843e-07
2	2-58949384	60482997	1.51311e-06
2	2-58949710	60483323	6.10044e-09
2	2-58950225	60483838	1.12837e-06
2	2-58953368	60486980	3.33344e-07
2	2-58953377	60486989	2.02709e-06
2	2-58953380	60486992	6.14513e-07
2	2-58953809	60487421	3.19425e-08
2	2-58954033	60487645	2.52821e-06
2	2-58954385	60487997	3.18536e-08
2	2-58954415	60488027	1.21981e-06
2	2-58954547	60488159	1.49664e-06
2	2-58955406	60489018	1.65177e-06
2	2-58955475	60489087	5.05409e-08
2	2-58955938	60489550	9.48785e-07
2	2-58956538	60490150	5.60883e-07
2	2-58957690	60491302	1.25659e-06
2	2-58957885	60491497	2.45758e-07
2	2-58959069	60492681	3.229e-09
2	2-58967942	60501553	1.49256e-06
2	2-58967954	60501565	5.24441e-07
2	2-58968786	60502397	1.55558e-09
2	2-58968844	60502455	1.25996e-09
2	2-58969240	60502851	1.56091e-08
2	2-58969250	60502861	6.75383e-07
2	2-58969271	60502882	1.86336e-07
2	2-58969277	60502888	5.55291e-08
2	2-58969282	60502893	1.14714e-07
2	2-58969378	60502989	8.16567e-07
2	2-58969467	60503078	1.05243e-06
2	2-58969468	60503079	1.79282e-07
2	2-58969551	60503162	1.79282e-07
2	2-58969558	60503169	1.68279e-07
2	2-58970252	60503863	1.79282e-07
2	2-58970281	60503892	1.79282e-07
2	2-58970301	60503912	1.68279e-07
2	2-58970445	60504056	2.77186e-07
2	2-58970461	60504072	6.25154e-07
2	2-58970556	60504167	1.79282e-07
2	2-58970659	60504270	1.68279e-07
2	2-58970730	60504341	3.87253e-07
2	2-58970756	60504367	2.6335e-07
2	2-58970793	60504404	2.85409e-06
2	2-58970890	60504501	1.18262e-07
2	2-58970911	60504522	1.41422e-07
2	2-58971141	60504752	1.0196e-06
2	2-58972372	60505983	2.10172e-09
2	2-58972388	60505999	1.68279e-07
2	2-58972389	60506000	4.58994e-07
2	2-58972391	60506002	1.37048e-08
2	2-58972434	60506045	1.68279e-07
2	2-58972768	60506379	6.37773e-07
2	2-58973772	60507383	2.04876e-06
2	2-58974036	60507647	2.09525e-08
2	2-58974231	60507842	2.07134e-06
2	2-58975436	60509047	1.50219e-08
2	2-58975663	60509274	3.01688e-09
2	2-58975709	60509320	1.12636e-08
2	2-58975874	60509485	3.06817e-07
2	2-58976360	60509971	2.87398e-06
2	2-58976361	60509972	9.75342e-07
2	2-58977118	60510729	2.43804e-06
2	2-58978815	60512425	1.8e-06
2	2-58978852	60512462	9.60877e-07
2	2-58978915	60512525	9.93398e-07
2	2-58980386	60513996	1.05551e-06
2	2-58981376	60514986	1.30327e-07
2	2-58981452	60515062	3.82542e-07
2	2-58984002	60517612	1.4575e-08
2	2-58985473	60519083	2.31785e-06
2	2-58985636	60519246	8.2623e-07
2	2-58989259	60522869	1.68279e-07
2	2-58989408	60523018	1.72554e-06
2	2-58989559	60523169	4.54699e-07
2	2-58989579	60523189	3.97445e-07
2	2-58989607	60523217	1.68279e-07
2	2-58989642	60523252	3.84247e-10
2	2-58995910	60529520	1.32146e-06
2	2-58996728	60530337	3.27186e-07
2	2-58997005	60530614	3.4222e-07
2	2-58997096	60530705	2.9569e-07
2	2-58998018	60531627	3.66987e-07
2	2-58998051	60531660	3.91563e-07
2	2-58998097	60531706	7.83137e-07
2	2-58999160	60532769	1.29515e-09
2	2-58999212	60532821	2.43353e-08
2	2-58999366	60532975	4.23652e-08
2	2-58999437	60533046	8.97388e-09
2	2-58999438	60533047	8.97388e-09
2	2-58999581	60533190	7.34803e-10
2	2-58999901	60533510	7.16475e-09
2	2-58999921	60533530	7.32619e-09
2	2-58999937	60533546	2.03232e-06
2	2-59000062	60533671	1.68279e-07
2	2-59000078	60533687	7.44864e-10
2	2-59000087	60533696	3.39663e-09
2	2-59000094	60533703	9.91355e-11
2	2-59000120	60533729	7.74787e-09
2	2-59000152	60533761	1.23597e-06
2	2-59000159	60533768	2.64933e-08
2	2-59000214	60533823	1.60184e-08
2	2-59000216	60533825	4.87497e-07
2	2-59000329	60533938	1.26386e-07
2	2-59000355	60533964	1.54867e-09
2	2-59000370	60533979	5.7376e-10
2	2-59000375	60533984	1.13524e-08
2	2-59000399	60534008	1.68279e-07
2	2-59000402	60534011	7.35802e-07
2	2-59000420	60534029	3.07417e-10
2	2-59000441	60534050	1.23605e-06
2	2-59000463	60534072	1.58968e-06
2	2-59000491	60534100	4.15694e-07
2	2-59000613	60534222	1.0372e-09
2	2-59000663	60534272	3.56926e-10
2	2-59000683	60534292	2.88113e-08
2	2-59000726	60534335	2.21261e-07
2	2-59000797	60534406	1.23599e-06
2	2-59000837	60534446	4.55692e-07
2	2-59000841	60534450	1.289e-09
2	2-59000883	60534492	9.44326e-10
2	2-59000904	60534513	2.85409e-06
2	2-59001735	60535344	1.9079e-06
2	2-59002378	60535987	1.94249e-06
2	2-59002607	60536216	1.79312e-09
2	2-59002616	60536225	3.41447e-08
2	2-59002619	60536228	3.62888e-08
2	2-59002620	60536229	3.06552e-08
2	2-59002659	60536268	1.59113e-06
2	2-59002757	60536366	1.79282e-07
2	2-59002970	60536579	1.08404e-08
2	2-59003114	60536723	1.02387e-07
2	2-59003150	60536759	1.79282e-07
2	2-59003184	60536793	9.02804e-07
2	2-59003188	60536797	1.68279e-07
2	2-59003198	60536807	1.51064e-06
2	2-59003262	60536871	5.32192e-08
2	2-59003269	60536878	5.72664e-10
2	2-59003379	60536988	1.74316e-09
2	2-59003388	60536997	1.94633e-06
2	2-59003403	60537012	8.66876e-10
2	2-59003420	60537029	1.46988e-09
2	2-59003447	60537056	5.42633e-07
2	2-59003595	60537204	3.71982e-09
2	2-59003654	60537263	2.87902e-08
2	2-59003694	60537303	2.22727e-09
2	2-59003711	60537320	1.25622e-08
2	2-59003728	60537337	1.61618e-09
2	2-59003772	60537381	1.91588e-07
2	2-59003835	60537444	6.86794e-07
2	2-59003873	60537482	1.66679e-08
2	2-59003879	60537488	5.95047e-09
2	2-59003881	60537490	7.28513e-09
2	2-59003905	60537514	2.52369e-10
2	2-59003983	60537592	6.52505e-09
2	2-59003985	60537594	4.4459e-09
2	2-59004001	60537610	1.69494e-09
2	2-59004062	60537671	1.05353e-09
2	2-59004102	60537711	4.05586e-09
2	2-59004156	60537765	7.07519e-09
2	2-59004170	60537779	1.79282e-07
2	2-59004176	60537785	7.07519e-09
2	2-59004225	60537834	1.79282e-07
2	2-59004248	60537857	5.85468e-09
2	2-59004274	60537883	5.08174e-08
2	2-59004294	60537903	5.54006e-09
2	2-59004364	60537973	1.42074e-06
2	2-59004497	60538106	1.95119e-09
2	2-59004588	60538197	8.95262e-07
2	2-59004623	60538232	2.24484e-06
2	2-59004710	60538319	5.75767e-09
2	2-59006128	60539969	1.4895e-06
2	2-59006696	60540537	1.81624e-08
2	2-59009354	60543195	3.38092e-07
2	2-59009938	60543779	1.68279e-07
2	2-59010354	60544195	8.42576e-07
2	2-59012933	60546773	2.68367e-07
2	2-59013958	60547798	2.10106e-06
2	2-59014735	60548575	1.79255e-08
2	2-59015260	60549100	1.88448e-07
2	2-59015304	60549144	9.56753e-10
2	2-59015305	60549145	1.35245e-08
2	2-59015306	60549146	1.97099e-06
2	2-59015311	60549151	1.03284e-06
2	2-59015313	60549153	1.90828e-06
2	2-59015326	60549166	1.99999e-09
2	2-59015332	60549172	1.82177e-09
2	2-59015364	60549204	1.63278e-06
2	2-59015480	60549320	2.67811e-10
2	2-59015565	60549405	6.83033e-09
2	2-59015578	60549418	1.23402e-06
2	2-59015585	60549425	4.59271e-07
2	2-59015649	60549489	5.63788e-08
2	2-59015653	60549493	1.75014e-06
2	2-59015665	60549505	3.01398e-09
2	2-59015669	60549509	1.24701e-09
2	2-59015690	60549530	8.18369e-10
2	2-59015697	60549537	1.79282e-07
2	2-59015715	60549555	8.65876e-10
2	2-59015725	60549565	5.29262e-10
2	2-59015726	60549566	1.51567e-09
2	2-59015738	60549578	5.66241e-09
2	2-59015742	60549582	2.05035e-07
2	2-59015749	60549589	1.45804e-09
2	2-59015764	60549604	1.65064e-09
2	2-59015765	60549605	2.55401e-09
2	2-59015803	60549643	1.33616e-08
2	2-59015812	60549652	1.90724e-10
2	2-59015855	60549695	5.67792e-10
2	2-59015865	60549705	1.79282e-07
2	2-59015880	60549720	1.21072e-09
2	2-59015888	60549728	8.03612e-10
2	2-59015903	60549743	1.31513e-09
2	2-59015909	60549749	1.60682e-09
2	2-59015953	60549793	2.05035e-07
2	2-59015954	60549794	1.54609e-08
2	2-59015958	60549798	8.79942e-08
2	2-59016012	60549852	1.79282e-07
2	2-59016017	60549857	1.68279e-07
2	2-59016022	60549862	4.31487e-09
2	2-59016027	60549867	4.2214e-09
2	2-59016028	60549868	1.94275e-09
2	2-59016029	60549869	9.12761e-09
2	2-59016032	60549872	3.55129e-08
2	2-59016056	60549896	2.70011e-09
2	2-59016059	60549899	6.50317e-10
2	2-59016064	60549904	6.51252e-10
2	2-59016074	60549914	2.11175e-08
2	2-59016081	60549921	2.31867e-08
2	2-59016094	60549934	4.99019e-08
2	2-59016110	60549950	8.06893e-08
2	2-59016245	60550085	1.21614e-08
2	2-59016249	60550089	5.72862e-09
2	2-59016269	60550109	4.02226e-08
2	2-59016270	60550110	4.02226e-08
2	2-59016282	60550122	3.91507e-08
2	2-59016300	60550140	5.24469e-09
2	2-59016304	60550144	3.3825e-09
2	2-59016310	60550150	5.07333e-10
2	2-59016332	60550172	4.72976e-09
2	2-59016376	60550216	2.60681e-09
2	2-59016438	60550278	2.25864e-09
2	2-59016445	60550285	4.40076e-07
2	2-59016456	60550296	4.14857e-07
2	2-59016504	60550344	1.87951e-08
2	2-59016534	60550374	8.21913e-09
2	2-59016571	60550411	2.2147e-09
2	2-59016575	60550415	1.69714e-09
2	2-59016587	60550427	1.79449e-09
2	2-59016588	60550428	9.8509e-10
2	2-59016604	60550444	1.20881e-08
2	2-59016608	60550448	2.64181e-08
2	2-59016618	60550458	4.81918e-09
2	2-59016623	60550463	8.42583e-09
2	2-59016628	60550468	8.42583e-09
2	2-59016646	60550486	2.44977e-09
2	2-59016665	60550505	6.26629e-09
2	2-59016705	60550545	3.3075e-09
2	2-59016720	60550560	3.47559e-08
2	2-59016747	60550587	9.0261e-09
2	2-59016779	60550619	6.37773e-07
2	2-59016794	60550634	1.64857e-09
2	2-59016805	60550645	2.499e-09
2	2-59016806	60550646	3.04244e-07
2	2-59016818	60550658	5.89033e-09
2	2-59016848	60550688	7.11114e-09
2	2-59016859	60550699	6.8159e-10
2	2-59016862	60550702	5.73941e-10
2	2-59016869	60550709	3.90523e-09
2	2-59016884	60550724	1.7326e-07
2	2-59016897	60550737	1.7326e-07
2	2-59016930	60550770	5.64887e-07
2	2-59016957	60550797	1.12527e-09
2	2-59016958	60550798	3.3468e-09
2	2-59016972	60550812	7.17141e-09
2	2-59016988	60550828	9.1574e-09
2	2-59016995	60550835	3.56287e-08
2	2-59017015	60550855	8.4366e-09
2	2-59017017	60550857	2.04525e-08
2	2-59017022	60550862	1.85748e-08
2	2-59017227	60551067	5.75077e-07
2	2-59017745	60551585	1.90651e-06
2	2-59017868	60551708	4.42618e-07
2	2-59018466	60552305	1.06194e-06
2	2-59020732	60554569	2.28017e-08
2	2-59021619	60555456	2.00527e-06
2	2-59021852	60555689	4.38667e-07
2	2-59021855	60555692	1.38307e-06
2	2-59021866	60555703	2.1594e-06
2	2-59022101	60555938	9.36508e-10
2	2-59022387	60556224	1.33449e-06
2	2-59022491	60556328	2.5641e-07
2	2-59024106	60557943	1.0847e-06
2	2-59024408	60558245	1.70699e-06
2	2-59024495	60558332	2.10536e-06
2	2-59024657	60558494	5.74443e-07
2	2-59025020	60558857	2.71878e-06
2	2-59025195	60559032	9.2143e-07
2	2-59026399	60560235	6.52449e-08
2	2-59026597	60560433	1.68077e-06
2	2-59027096	60560932	2.04226e-06
2	2-59027158	60560994	9.25719e-08
2	2-59027386	60561222	1.63208e-08
2	2-59027444	60561280	2.84019e-07
2	2-59028435	60562271	1.41624e-06
2	2-59028437	60562273	1.41624e-06
2	2-59028550	60562386	1.95048e-08
2	2-59029312	60563148	1.11129e-06
2	2-59029343	60563179	1.01302e-08
2	2-59029376	60563212	2.25943e-09
2	2-59029406	60563242	2.96221e-09
2	2-59029449	60563285	7.86107e-08
2	2-59029463	60563299	9.13242e-08
2	2-59029468	60563304	2.06681e-08
2	2-59029476	60563312	3.98892e-09
2	2-59029553	60563389	2.53735e-08
2	2-59029572	60563408	1.13868e-08
2	2-59030357	60564193	1.77849e-08
2	2-59031614	60565450	1.90104e-07
2	2-59033874	60567710	8.85598e-10
2	2-59033886	60567722	2.67526e-09
2	2-59033901	60567737	1.57768e-09
2	2-59033902	60567738	1.79282e-07
2	2-59033905	60567741	2.45124e-09
2	2-59033914	60567750	2.22424e-09
2	2-59033918	60567754	2.42863e-09
2	2-59033937	60567773	4.5163e-09
2	2-59033947	60567783	1.05251e-09
2	2-59033954	60567790	1.79282e-07
2	2-59033955	60567791	1.85244e-07
2	2-59033975	60567811	1.04094e-09
2	2-59033984	60567820	1.30837e-09
2	2-59033993	60567829	1.22146e-06
2	2-59034013	60567849	1.60406e-08
2	2-59034015	60567851	1.1114e-08
2	2-59034066	60567902	5.448e-09
2	2-59034087	60567923	1.09733e-09
2	2-59034111	60567947	3.14577e-10
2	2-59034120	60567956	1.60356e-09
2	2-59034126	60567962	8.90414e-10
2	2-59034137	60567973	3.27515e-09
2	2-59034153	60567989	2.42224e-09
2	2-59034156	60567992	2.37989e-08
2	2-59034157	60567993	2.17985e-08
2	2-59034178	60568014	1.41391e-07
2	2-59034194	60568030	7.82572e-08
2	2-59034270	60568106	8.3408e-10
2	2-59034276	60568112	4.35731e-09
2	2-59034278	60568114	1.35642e-09
2	2-59034318	60568154	3.65372e-09
2	2-59034322	60568158	3.49152e-09
2	2-59034323	60568159	6.22808e-09
2	2-59034341	60568177	8.88418e-09
2	2-59034368	60568204	1.23987e-08
2	2-59034374	60568210	2.03256e-08
2	2-59034431	60568267	1.68279e-07
2	2-59034449	60568285	9.77542e-10
2	2-59034459	60568295	2.65193e-09
2	2-59034464	60568300	3.87606e-09
2	2-59034465	60568301	1.68279e-07
2	2-59036819	60570655	1.44182e-07
2	2-59037332	60571157	1.93949e-06
2	2-59038543	60572368	1.78147e-06
2	2-59038563	60572388	1.01275e-06
2	2-59039664	60573645	4.99895e-07
2	2-59041684	60575664	1.14754e-06
2	2-59041756	60575736	4.57892e-07
2	2-59041767	60575747	1.62614e-06
2	2-59042185	60576165	9.37398e-07
2	2-59045776	60579756	1.11171e-06
2	2-59045782	60579762	3.24148e-09
2	2-59045788	60579768	8.75575e-10
2	2-59045799	60579779	1.39769e-09
2	2-59045815	60579795	6.35622e-08
2	2-59045818	60579798	6.10258e-07
2	2-59045819	60579799	1.28021e-07
2	2-59045840	60579820	2.11859e-09
2	2-59045851	60579831	1.49712e-09
2	2-59045856	60579836	1.98499e-09
2	2-59045975	60579955	7.13432e-10
2	2-59045984	60579964	9.4299e-10
2	2-59045985	60579965	5.34459e-08
2	2-59046003	60579983	4.74062e-09
2	2-59046018	60579998	1.45252e-09
2	2-59046036	60580016	9.09511e-10
2	2-59046047	60580027	9.09511e-10
2	2-59046083	60580063	9.09511e-10
2	2-59046095	60580075	1.7972e-09
2	2-59046116	60580096	1.00686e-08
2	2-59046117	60580097	3.2517e-09
2	2-59046118	60580098	1.10182e-09
2	2-59046145	60580125	7.73447e-11
2	2-59046147	60580127	1.11678e-09
2	2-59046158	60580138	3.50239e-09
2	2-59046174	60580154	1.9243e-09
2	2-59046175	60580155	1.78809e-09
2	2-59046199	60580179	4.66925e-09
2	2-59046205	60580185	7.30667e-07
2	2-59046215	60580195	8.38224e-09
2	2-59046232	60580212	6.89163e-08
2	2-59046233	60580213	3.2324e-08
2	2-59046238	60580218	1.38383e-06
2	2-59046251	60580231	2.52717e-08
2	2-59046257	60580237	1.96772e-08
2	2-59046278	60580258	9.60599e-09
2	2-59046279	60580259	2.28435e-08
2	2-59046290	60580270	2.28435e-08
2	2-59046291	60580271	1.07564e-08
2	2-59046311	60580291	1.68206e-07
2	2-59046313	60580293	5.00372e-09
2	2-59046316	60580296	4.63769e-09
2	2-59046325	60580305	1.19898e-08
2	2-59046328	60580308	1.25033e-09
2	2-59046341	60580321	1.65197e-09
2	2-59046352	60580332	2.30866e-09
2	2-59046357	60580337	1.64597e-09
2	2-59046366	60580346	8.44889e-10
2	2-59046386	60580366	1.8384e-09
2	2-59046392	60580372	1.61864e-09
2	2-59046393	60580373	1.80071e-09
2	2-59046414	60580394	2.21953e-11
2	2-59046418	60580398	8.61425e-11
2	2-59046433	60580413	2.69544e-08
2	2-59046436	60580416	8.72456e-08
2	2-59046444	60580424	2.78115e-08
2	2-59046450	60580430	8.47317e-08
2	2-59046459	60580439	4.85642e-07
2	2-59046465	60580445	5.16634e-08
2	2-59046467	60580447	1.95197e-08
2	2-59046630	60580610	1.03927e-09
2	2-59046632	60580612	1.02758e-09
2	2-59046646	60580626	7.53102e-10
2	2-59051245	60585486	6.7279e-08
2	2-59051311	60585552	1.13295e-08
2	2-59051322	60585563	1.26855e-08
2	2-59051679	60585920	1.18285e-09
2	2-59051960	60586201	1.71235e-07
2	2-59052067	60586308	3.99826e-07
2	2-59052317	60586558	1.70986e-06
2	2-59052404	60586645	4.77174e-09
2	2-59052405	60586646	6.54803e-09
2	2-59052406	60586647	3.77596e-10
2	2-59052436	60586677	4.68026e-09
2	2-59052693	60586934	6.14353e-09
2	2-59052740	60586981	1.04012e-08
2	2-59052920	60587161	4.17602e-08
2	2-59052921	60587162	1.08472e-09
2	2-59052923	60587164	1.70939e-09
2	2-59052928	60587169	3.47692e-09
2	2-59052936	60587177	6.28006e-09
2	2-59052944	60587185	8.73574e-10
2	2-59052966	60587207	2.73744e-09
2	2-59052968	60587209	1.44073e-09
2	2-59052969	60587210	1.14961e-07
2	2-59052987	60587228	7.79169e-09
2	2-59053132	60587371	4.89298e-09
2	2-59053188	60587427	2.96798e-08
2	2-59053189	60587428	2.96798e-08
2	2-59053293	60587532	8.49176e-10
2	2-59053300	60587539	5.41489e-10
2	2-59053319	60587558	1.68279e-07
2	2-59053352	60587591	7.51472e-10
2	2-59053383	60587622	4.46847e-09
2	2-59053432	60587671	1.48417e-09
2	2-59053627	60587866	2.88412e-08
2	2-59053688	60587927	1.00012e-08
2	2-59053737	60587976	2.08456e-08
2	2-59053816	60588055	9.66008e-10
2	2-59053843	60588082	7.94315e-10
2	2-59054016	60588255	3.20139e-09
2	2-59054049	60588288	3.03435e-07
2	2-59054108	60588347	8.1173e-10
2	2-59054175	60588414	8.36896e-10
2	2-59054223	60588462	1.04906e-09
2	2-59054295	60588534	6.86643e-12
2	2-59054312	60588551	3.14576e-10
2	2-59054322	60588561	3.6083e-07
2	2-59054353	60588592	1.52789e-10
2	2-59054434	60588673	8.81675e-10
2	2-59054460	60588699	7.27991e-10
2	2-59054497	60588736	1.04906e-09
2	2-59054542	60588781	3.43261e-07
2	2-59054562	60588801	1.18069e-10
2	2-59054578	60588817	1.05363e-10
2	2-59054751	60588990	2.27823e-09
2	2-59054874	60589113	2.29362e-10
2	2-59054897	60589136	2.10863e-10
2	2-59054935	60589174	2.51429e-06
2	2-59055047	60589286	1.20778e-09
2	2-59055076	60589315	5.44859e-10
2	2-59055080	60589319	1.79282e-07
2	2-59055202	60589441	1.53037e-09
2	2-59055353	60589592	2.32819e-08
2	2-59055423	60589662	7.01636e-10
2	2-59055476	60589715	2.68397e-09
2	2-59055544	60589783	1.30456e-09
2	2-59055548	60589787	3.93523e-09
2	2-59055558	60589797	1.41407e-09
2	2-59055574	60589813	1.20462e-09
2	2-59055597	60589836	1.79282e-07
2	2-59055626	60589865	4.11026e-10
2	2-59055632	60589871	4.82888e-09
2	2-59055636	60589875	7.68762e-09
2	2-59055642	60589881	4.19183e-09
2	2-59055668	60589907	1.79282e-07
2	2-59055868	60590107	1.724e-08
2	2-59055891	60590130	1.2314e-09
2	2-59055924	60590163	7.41296e-09
2	2-59055951	60590190	3.32404e-09
2	2-59055956	60590195	3.32404e-09
2	2-59056026	60590265	4.1009e-09
2	2-59056116	60590355	2.8768e-09
2	2-59056117	60590356	8.55051e-09
2	2-59056130	60590369	2.41102e-09
2	2-59056134	60590373	3.21298e-09
2	2-59056164	60590403	1.68279e-07
2	2-59056184	60590423	9.05863e-09
2	2-59056190	60590429	7.83316e-09
2	2-59056204	60590443	7.83316e-09
2	2-59056211	60590450	1.79282e-07
2	2-59056244	60590483	6.04644e-09
2	2-59056252	60590491	1.79282e-07
2	2-59056414	60590653	1.23585e-09
2	2-59056416	60590655	1.23585e-09
2	2-59056534	60590773	1.79282e-07
2	2-59056563	60590802	5.30626e-10
2	2-59056660	60590899	9.20209e-10
2	2-59056731	60590970	6.22238e-07
2	2-59056802	60591041	2.48573e-10
2	2-59056809	60591048	7.51705e-10
2	2-59056973	60591212	1.19649e-09
2	2-59056974	60591213	1.19649e-09
2	2-59057004	60591243	1.68279e-07
2	2-59057034	60591273	5.56497e-07
2	2-59057057	60591296	1.97099e-06
2	2-59057063	60591302	7.5127e-09
2	2-59057079	60591318	3.93579e-09
2	2-59057098	60591337	2.63828e-09
2	2-59057132	60591371	1.3862e-09
2	2-59058997	60593236	2.88008e-06
2	2-59059026	60593265	3.42371e-07
2	2-59060240	60594479	6.22218e-10
2	2-59060801	60595040	2.88148e-06
2	2-59060818	60595057	2.66723e-06
2	2-59063142	60597381	6.6205e-07
2	2-59064162	60598401	8.91132e-07
2	2-59064670	60598909	9.70154e-07
2	2-59064708	60598947	4.78026e-07
2	2-59065222	60599461	1.68279e-07
2	2-59067334	60601573	1.02727e-07
2	2-59067853	60602092	1.88846e-06
2	2-59070244	60604485	1.74191e-07
2	2-59070969	60605210	1.39543e-06
2	2-59071023	60605264	2.89044e-10
2	2-59071643	60605884	4.53902e-07
2	2-59072787	60607028	5.56408e-07
2	2-59073191	60607432	5.25785e-07
2	2-59073197	60607438	3.56664e-09
2	2-59074406	60608647	6.03863e-07
2	2-59074544	60608785	2.54478e-06
2	2-59075966	60610207	4.87467e-07
2	2-59076208	60610449	2.80965e-06
2	2-59077453	60611694	1.944e-07
2	2-59078209	60612450	6.00464e-07
2	2-59078295	60612536	9.26882e-10
2	2-59078301	60612542	3.35282e-07
2	2-59078347	60612588	2.97258e-10
2	2-59078400	60612641	1.87795e-09
2	2-59078409	60612650	4.22125e-08
2	2-59078415	60612656	1.4923e-09
2	2-59078507	60612748	1.02129e-07
2	2-59078525	60612766	2.23967e-06
2	2-59078590	60612831	9.04614e-10
2	2-59078607	60612848	1.90945e-10
2	2-59078727	60612968	1.2209e-09
2	2-59078952	60613193	1.91639e-06
2	2-59078964	60613205	4.8343e-09
2	2-59078995	60613236	1.85908e-07
2	2-59079116	60613357	8.47875e-08
2	2-59079128	60613369	2.59275e-09
2	2-59079148	60613389	6.39956e-10
2	2-59079193	60613434	2.31263e-10
2	2-59079249	60613490	2.25914e-09
2	2-59079252	60613493	6.37773e-07
2	2-59079323	60613564	1.68279e-07
2	2-59079324	60613565	2.02509e-09
2	2-59079403	60613644	1.89599e-09
2	2-59079443	60613684	1.76258e-09
2	2-59079481	60613722	1.37999e-09
2	2-59079491	60613732	1.17575e-09
2	2-59079520	60613761	1.13585e-09
2	2-59079581	60613822	7.66902e-10
2	2-59079636	60613877	5.77484e-09
2	2-59079655	60613896	9.53292e-07
2	2-59079734	60613975	4.43793e-07
2	2-59079760	60614001	8.11894e-09
2	2-59080989	60615230	6.25968e-09
2	2-59080993	60615234	1.15551e-07
2	2-59081001	60615242	1.30582e-08
2	2-59081050	60615291	4.92982e-10
2	2-59081140	60615381	3.63521e-10
2	2-59081150	60615391	1.01822e-09
2	2-59081194	60615435	6.37773e-07
2	2-59081213	60615454	2.10432e-06
2	2-59081326	60615567	2.56088e-10
2	2-59081357	60615598	1.53532e-09
2	2-59081361	60615602	1.53532e-09
2	2-59081362	60615603	4.23153e-10
2	2-59081416	60615657	2.28388e-09
2	2-59081422	60615663	1.90467e-09
2	2-59081445	60615686	6.64158e-10
2	2-59081608	60615849	1.59377e-09
2	2-59081624	60615865	8.9165e-09
2	2-59081640	60615881	4.18196e-07
2	2-59081642	60615883	1.86497e-06
2	2-59081653	60615894	2.14448e-09
2	2-59081709	60615950	6.37773e-07
2	2-59081791	60616032	5.0492e-10
2	2-59081802	60616043	2.30472e-07
2	2-59081958	60616199	4.51544e-10
2	2-59082614	60616855	1.91481e-06
2	2-59088481	60622716	2.84667e-06
2	2-59088636	60622871	1.5816e-07
2	2-59089233	60623468	2.65577e-08
2	2-59089463	60623698	2.74029e-09
2	2-59089579	60623814	8.9709e-10
2	2-59089594	60623829	1.15798e-10
2	2-59089596	60623831	1.87675e-09
2	2-59089602	60623837	1.62147e-09
2	2-59089604	60623839	1.08307e-09
2	2-59089622	60623857	1.33145e-09
2	2-59089677	60623912	5.416e-09
2	2-59089764	60623999	6.37773e-07
2	2-59089857	60624092	1.79282e-07
2	2-59089932	60624167	4.86202e-09
2	2-59090068	60624303	1.90979e-07
2	2-59091146	60625381	1.11768e-06
2	2-59091604	60625839	1.68279e-07
2	2-59091613	60625848	1.1145e-09
2	2-59091632	60625867	4.60911e-08
2	2-59091639	60625874	1.06879e-09
2	2-59091641	60625876	7.81455e-08
2	2-59092045	60626280	2.44195e-10
2	2-59092067	60626302	1.23458e-09
2	2-59092143	60626378	1.13399e-09
2	2-59092274	60626509	2.70277e-06
2	2-59093547	60627782	2.85409e-06
2	2-59094078	60628313	3.8733e-07
2	2-59094340	60628575	5.75804e-09
2	2-59094459	60628694	4.60921e-07
2	2-59094538	60628773	6.37773e-07
2	2-59094575	60628810	6.37773e-07
2	2-59094667	60628902	2.14093e-06
2	2-59094672	60628907	3.22121e-07
2	2-59094760	60628995	2.65931e-07
2	2-59095067	60629302	1.80799e-07
2	2-59095282	60629517	1.79282e-07
2	2-59095328	60629563	1.79282e-07
2	2-59095360	60629595	3.76843e-07
2	2-59097064	60631299	1.79282e-07
2	2-59099013	60633248	3.53086e-08
2	2-59101429	60635664	1.79282e-07
2	2-59101782	60636017	1.85908e-07
2	2-59102394	60636629	1.57705e-06
2	2-59102785	60637020	9.35298e-09
2	2-59102990	60637225	1.79282e-07
2	2-59103416	60637651	4.01003e-07
2	2-59104008	60638243	7.66635e-09
2	2-59104245	60638480	3.63076e-07
2	2-59107710	60641945	7.40034e-07
2	2-59109109	60643344	2.35068e-06
2	2-59109653	60643888	7.07163e-07
2	2-59110903	60645138	1.17281e-07
2	2-59113673	60647906	1.68279e-07
2	2-59115072	60649304	2.93855e-06
2	2-59115571	60649803	6.71823e-08
2	2-59116266	60650497	2.18635e-06
2	2-59116499	60650730	1.65186e-07
2	2-59117591	60651822	1.33212e-09
2	2-59117782	60652013	2.97171e-10
2	2-59119124	60653355	2.28669e-06
2	2-59122114	60656345	1.07777e-07
2	2-59122117	60656348	7.44345e-07
2	2-59122189	60656420	1.68279e-07
2	2-59122330	60656561	5.89468e-07
2	2-59122417	60656648	1.68279e-07
2	2-59122690	60656921	3.39352e-07
2	2-59123144	60657376	1.79282e-07
2	2-59123331	60657563	1.04952e-06
2	2-59123351	60657583	1.79282e-07
2	2-59123582	60657814	2.85409e-06
2	2-59123656	60657888	4.80319e-11
2	2-59123986	60658218	2.65931e-07
2	2-59124396	60658628	1.79282e-07
2	2-59124454	60658686	1.03965e-09
2	2-59124521	60658753	5.89502e-11
2	2-59124526	60658758	1.05583e-11
2	2-59124527	60658759	1.05583e-11
2	2-59124533	60658765	2.16659e-12
2	2-59124570	60658802	2.00007e-10
2	2-59124630	60658862	1.97099e-06
2	2-59124812	60659044	1.7326e-07
2	2-59124866	60659098	1.79282e-07
2	2-59124926	60659158	1.68279e-07
2	2-59124963	60659195	2.19589e-07
2	2-59125218	60659450	2.46179e-07
2	2-59125330	60659562	2.085e-07
2	2-59125672	60659904	1.31661e-06
2	2-59126331	60660563	3.03435e-07
2	2-59126459	60660691	9.01305e-07
2	2-59126830	60661062	2.65931e-07
2	2-59127042	60661274	7.41364e-07
2	2-59127135	60661367	2.95622e-07
2	2-59127568	60661800	5.55541e-07
2	2-59127647	60661879	1.01234e-07
2	2-59128465	60662697	2.76774e-06
2	2-59128885	60663117	8.82457e-10
2	2-59133207	60663843	1.97099e-06
2	2-59133791	60664427	2.19054e-06
2	2-59133792	60664428	1.79282e-07
2	2-59133897	60664533	7.53242e-08
2	2-59131578	60669513	1.62574e-07
2	2-59131590	60669525	1.62574e-07
2	2-59131793	60669728	1.68279e-07
2	2-59132374	60670309	4.64872e-09
2	2-59135079	60671092	1.92478e-06
2	2-59135286	60671299	5.29114e-07
2	2-59135316	60671329	2.81076e-06
2	2-59136100	60672113	5.61904e-07
2	2-59136356	60672369	3.06281e-07
2	2-59137673	60673686	9.18055e-07
2	2-59138238	60674251	1.55043e-06
2	2-59138351	60674364	9.76806e-07
2	2-59139409	60675422	9.3247e-07
2	2-59139610	60675623	2.87471e-07
2	2-59139842	60675855	4.13566e-09
2	2-59140558	60676571	2.10002e-07
2	2-59140744	60676757	1.21504e-06
2	2-59140906	60676919	5.06919e-10
2	2-59141070	60677083	1.68279e-07
2	2-59141194	60677207	2.56985e-07
2	2-59141984	60677997	5.80634e-07
2	2-59142129	60678142	1.79846e-07
2	2-59142281	60678294	2.76542e-07
2	2-59142333	60678346	1.43203e-07
2	2-59142361	60678374	8.72601e-08
2	2-59142431	60678444	8.95721e-07
2	2-59142561	60678574	2.84529e-07
2	2-59142687	60678700	3.2248e-11
2	2-59142836	60678849	1.74792e-09
2	2-59143174	60679187	2.36119e-06
2	2-59143712	60679725	1.68279e-07
2	2-59144374	60680387	2.13724e-10
2	2-59144395	60680408	5.21753e-08
2	2-59144901	60680914	3.98584e-10
2	2-59145007	60681020	4.91556e-07
2	2-59145583	60681596	2.84529e-07
2	2-59145721	60681734	8.58618e-08
2	2-59146487	60682500	6.37773e-07
2	2-59147241	60683254	1.79477e-10
2	2-59147901	60683914	1.97099e-06
2	2-59148107	60684120	1.79282e-07
2	2-59148194	60684207	6.17268e-07
2	2-59148429	60684442	1.79282e-07
2	2-59148466	60684479	2.77752e-08
2	2-59148525	60684538	9.75799e-08
2	2-59148534	60684547	1.68279e-07
2	2-59148677	60684690	1.68279e-07
2	2-59149214	60685227	1.1353e-06
2	2-59149265	60685278	2.38217e-07
2	2-59149302	60685315	2.34518e-10
2	2-59149479	60685492	2.83261e-06
2	2-59150107	60686120	2.63573e-06
2	2-59150196	60686209	6.42237e-07
2	2-59150308	60686321	1.79282e-07
2	2-59150335	60686348	3.84771e-07
2	2-59150584	60686597	5.55876e-08
2	2-59150820	60686833	9.63349e-08
2	2-59150845	60686858	8.6086e-07
2	2-59151145	60687158	2.53933e-08
2	2-59151947	60687959	9.23437e-09
2	2-59152237	60688249	8.95453e-07
2	2-59152325	60688337	1.68279e-07
2	2-59152845	60688857	3.03435e-07
2	2-59154276	60690288	1.68279e-07
2	2-59154387	60690399	1.79282e-07
2	2-59154523	60690535	1.2031e-06
2	2-59154758	60690770	1.19218e-06
2	2-59155009	60691021	1.68279e-07
2	2-59155252	60691264	8.64329e-11
2	2-59155338	60691350	1.48781e-09
2	2-59156211	60692223	1.68279e-07
2	2-59156401	60692413	4.12322e-09
2	2-59156624	60692636	3.8999e-08
2	2-59156757	60692769	2.79416e-06
2	2-59156863	60692875	6.21144e-08
2	2-59156918	60692930	2.59519e-10
2	2-59157140	60693152	1.79282e-07
2	2-59157211	60693223	1.79282e-07
2	2-59157218	60693230	1.79282e-07
2	2-59157524	60693536	1.68279e-07
2	2-59157615	60693627	1.79282e-07
2	2-59157754	60693766	6.98747e-07
2	2-59157798	60693810	7.16848e-08
2	2-59158305	60694317	5.67339e-07
2	2-59158519	60694531	1.81357e-06
2	2-59158734	60694746	6.37773e-07
2	2-59160208	60696219	1.18576e-06
2	2-59160432	60696443	2.88914e-06
2	2-59160937	60696948	6.37773e-07
2	2-59161552	60697563	9.6503e-07
2	2-59161631	60697642	1.00802e-07
2	2-59161971	60697982	5.96089e-09
2	2-59169857	60705868	1.68279e-07
2	2-59170403	60706414	5.20068e-08
2	2-59171419	60707425	3.72522e-07
2	2-59171483	60707488	1.79282e-07
2	2-59171745	60707748	1.63303e-08
2	2-59171758	60707761	1.79804e-08
2	2-59171781	60707784	1.27169e-09
2	2-59172444	60708447	2.22314e-07
2	2-59172500	60708503	6.37773e-07
2	2-59172501	60708504	6.37773e-07
2	2-59172787	60708790	1.79282e-07
2	2-59173098	60709101	1.79282e-07
2	2-59173479	60709482	1.79282e-07
2	2-59174618	60710621	1.50965e-06
2	2-59175311	60711313	1.62574e-07
2	2-59175956	60711958	4.56303e-08
2	2-59176169	60712171	3.02116e-07
2	2-59176715	60712717	7.41677e-07
2	2-59177050	60713052	1.68279e-07
2	2-59177650	60713652	1.50611e-07
2	2-59178856	60714858	5.77713e-08
2	2-59178857	60714859	5.59592e-08
2	2-59179017	60715019	6.07768e-07
2	2-59179253	60715255	1.68954e-06
2	2-59179729	60715731	2.46454e-06
2	2-59180091	60716093	8.33014e-10
2	2-59180386	60716388	1.79282e-07
2	2-59180437	60716439	8.79406e-07
2	2-59180560	60716562	1.79282e-07
2	2-59180941	60716943	1.79282e-07
2	2-59181290	60717292	7.76964e-07
2	2-59181976	60717978	9.57092e-07
2	2-59182187	60718189	1.68279e-07
2	2-59182334	60718336	3.03435e-07
2	2-59182340	60718342	3.03435e-07
2	2-59183938	60719940	1.79282e-07
2	2-59185830	60721832	4.1137e-07
2	2-59186894	60722896	6.37773e-07
2	2-59187307	60723309	7.7124e-07
2	2-59187468	60723470	1.68279e-07
2	2-59188083	60724085	1.25218e-07
2	2-59188845	60724847	6.03981e-09
2	2-59188882	60724884	1.79282e-07
2	2-59189135	60725137	1.50763e-06
2	2-59189200	60725202	1.79282e-07
2	2-59189771	60725773	1.58987e-06
2	2-59190603	60726605	5.70533e-07
2	2-59190685	60726687	1.43323e-06
2	2-59191168	60727170	1.97099e-06
2	2-59192757	60728758	2.50323e-07
2	2-59193653	60729654	1.30315e-06
2	2-59195433	60731434	1.68279e-07
2	2-59196305	60732306	3.42975e-07
2	2-59196552	60732553	1.68279e-07
2	2-59197367	60733368	2.88031e-09
2	2-59197433	60733434	1.79282e-07
2	2-59198901	60734901	4.28605e-07
2	2-59198956	60734956	1.11835e-06
2	2-59198987	60734987	7.86692e-10
2	2-59199158	60735158	1.68279e-07
2	2-59199315	60735315	6.37773e-07
2	2-59199341	60735341	6.37773e-07
2	2-59199668	60735668	1.08804e-06
2	2-59200270	60736270	1.11472e-06
2	2-59200382	60736382	1.09337e-06
2	2-59200719	60736719	2.31566e-06
2	2-59200744	60736744	3.03435e-07
2	2-59203526	60739526	1.68279e-07
2	2-59203817	60739817	6.9086e-07
2	2-59203876	60739876	1.68279e-07
2	2-59203948	60739948	6.92097e-07
2	2-59203992	60739992	5.63014e-08
2	2-59204007	60740007	1.15482e-06
2	2-59204098	60740098	2.26502e-06
2	2-59204416	60740416	2.45933e-06
2	2-59204499	60740499	5.71071e-10
2	2-59204934	60740934	1.95695e-06
2	2-59205205	60741205	1.68279e-07
2	2-59205364	60741364	6.50242e-09
2	2-59206094	60742094	3.22953e-10
2	2-59206672	60742672	1.48289e-07
2	2-59206888	60742888	1.79282e-07
2	2-59207061	60743061	1.38962e-06
2	2-59207317	60743317	2.85409e-06
2	2-59207579	60743579	2.70277e-06
2	2-59207662	60743662	6.12041e-08
2	2-59207981	60743981	1.79282e-07
2	2-59208340	60744340	1.79282e-07
2	2-59208713	60744713	1.68279e-07
2	2-59209195	60745195	9.90051e-07
2	2-59209332	60745332	1.68279e-07
2	2-59209817	60745817	1.79282e-07
2	2-59210481	60746481	1.78235e-08
2	2-59210981	60746981	4.4277e-07
2	2-59210985	60746985	4.4277e-07
2	2-59211363	60747363	3.87579e-07
2	2-59211523	60747523	1.68279e-07
2	2-59211738	60747738	2.84529e-07
2	2-59212695	60748695	9.90051e-07
2	2-59213063	60749063	4.29683e-10
2	2-59213294	60749294	1.69408e-08
2	2-59214201	60750201	7.26184e-07
2	2-59214272	60750272	1.79282e-07
2	2-59214274	60750274	1.79282e-07
2	2-59215480	60751480	1.85908e-07
2	2-59215663	60751663	4.00922e-10
2	2-59216033	60752033	6.37773e-07
2	2-59216038	60752038	6.37773e-07
2	2-59216062	60752062	6.37773e-07
2	2-59216179	60752179	3.61312e-08
2	2-59216243	60752243	1.54089e-09
2	2-59216275	60752275	6.25309e-10
2	2-59216283	60752283	9.00935e-09
2	2-59216320	60752320	7.54722e-10
2	2-59216486	60752486	1.08881e-08
2	2-59216552	60752552	1.49798e-09
2	2-59216624	60752624	7.1786e-11
2	2-59217254	60753254	3.40461e-07
2	2-59217422	60753422	1.81496e-08
2	2-59217524	60753524	9.30152e-07
2	2-59217739	60753739	9.10602e-09
2	2-59217852	60753852	3.57891e-10
2	2-59217859	60753859	1.51776e-07
2	2-59217862	60753862	4.80805e-07
2	2-59217940	60753940	1.08372e-08
2	2-59218244	60754244	1.19826e-08
2	2-59218251	60754251	3.30297e-08
2	2-59218371	60754371	5.24769e-07
2	2-59218382	60754382	1.09734e-07
2	2-59218393	60754393	1.78754e-09
2	2-59218713	60754713	7.93355e-07
2	2-59218866	60754866	2.48406e-07
2	2-59219223	60755223	3.38917e-10
2	2-59219266	60755266	9.83385e-09
2	2-59219425	60755425	2.42792e-11
2	2-59219552	60755552	6.71972e-10
2	2-59219756	60755756	2.70704e-09
2	2-59219759	60755759	1.33897e-07
2	2-59219770	60755770	1.2118e-09
2	2-59219787	60755787	3.6418e-10
2	2-59219887	60755887	3.64012e-11
2	2-59219896	60755896	2.37323e-08
2	2-59219901	60755901	2.32719e-08
2	2-59219939	60755939	1.65732e-08
2	2-59219985	60755985	1.36306e-07
2	2-59220010	60756010	4.1777e-10
2	2-59220032	60756032	6.49761e-11
2	2-59220065	60756065	2.34827e-08
2	2-59220101	60756101	4.57498e-10
2	2-59220106	60756106	6.6989e-08
2	2-59220150	60756150	3.89213e-08
2	2-59220183	60756183	1.3002e-10
2	2-59220214	60756214	1.83267e-08
2	2-59220268	60756268	1.35483e-08
2	2-59220368	60756368	6.88572e-08
2	2-59220418	60756418	8.71434e-08
2	2-59220640	60756740	2.77633e-10
2	2-59220702	60756802	7.89017e-10
2	2-59220801	60756901	2.95062e-08
2	2-59220910	60757010	1.31132e-08
2	2-59220943	60757043	1.49424e-06
2	2-59221329	60757429	2.26658e-08
2	2-59221416	60757516	2.42551e-08
2	2-59221607	60757707	1.54959e-08
2	2-59221711	60757811	5.95434e-08
2	2-59221723	60757823	4.17568e-10
2	2-59221854	60757954	8.98273e-09
2	2-59221884	60757984	8.21463e-09
2	2-59221989	60758089	8.59096e-09
2	2-59222028	60758128	2.26232e-08
2	2-59222311	60758411	4.45382e-09
2	2-59222508	60758608	7.82684e-09
2	2-59222639	60758741	6.35411e-08
2	2-59222642	60758744	6.71791e-08
2	2-59222744	60758846	4.00579e-08
2	2-59222779	60758881	3.75533e-08
2	2-59222789	60758891	1.38942e-08
2	2-59222813	60758915	1.88193e-08
2	2-59222834	60758936	2.33583e-08
2	2-59222844	60758946	1.11043e-10
2	2-59222856	60758958	1.05052e-08
2	2-59222869	60758971	3.48055e-07
2	2-59222874	60758976	7.13612e-10
2	2-59222893	60758995	6.39349e-07
2	2-59222943	60759045	7.87195e-08
2	2-59222945	60759047	1.64039e-07
2	2-59222947	60759049	4.83499e-10
2	2-59222966	60759068	4.17753e-11
2	2-59223105	60759207	2.07152e-10
2	2-59223146	60759248	1.52313e-08
2	2-59223160	60759262	6.21008e-08
2	2-59223273	60759375	1.58595e-08
2	2-59223280	60759382	2.70731e-08
2	2-59223282	60759384	3.2218e-10
2	2-59223348	60759450	2.61529e-08
2	2-59223660	60759762	1.20502e-07
2	2-59223677	60759779	9.4342e-08
2	2-59223697	60759799	5.96518e-11
2	2-59223771	60759873	9.66231e-08
2	2-59223790	60759892	8.19041e-08
2	2-59223866	60759968	3.47722e-08
2	2-59224072	60760174	5.61683e-08
2	2-59224118	60760220	4.4814e-08
2	2-59224343	60760445	1.01404e-07
2	2-59224474	60760576	5.95047e-08
2	2-59224535	60760637	1.22382e-11
2	2-59224574	60760676	4.50266e-10
2	2-59224589	60760691	5.81073e-08
2	2-59224909	60761011	8.46406e-09
2	2-59224953	60761055	1.2502e-09
2	2-59225093	60761195	3.57689e-10
2	2-59225192	60761294	1.87474e-10
2	2-59225387	60761489	1.09166e-10
2	2-59225486	60761588	2.35405e-10
2	2-59225665	60761767	1.66608e-11
2	2-59225725	60761827	1.27351e-11
2	2-59225787	60761889	8.69112e-10
2	2-59225794	60761896	3.09522e-10
2	2-59226043	60762145	4.2415e-10
2	2-59226100	60762202	3.96127e-10
2	2-59226206	60762308	9.85508e-11
2	2-59226208	60762310	2.70672e-10
2	2-59226215	60762317	9.02309e-10
2	2-59226289	60762391	3.19437e-11
2	2-59226309	60762411	5.74863e-11
2	2-59226363	60762465	2.88678e-10
2	2-59226884	60762986	1.20546e-11
2	2-59226916	60763018	4.53399e-11
2	2-59226960	60763062	1.13343e-09
2	2-59226964	60763066	2.95819e-10
2	2-59227014	60763116	2.36471e-09
2	2-59227029	60763131	4.61637e-11
2	2-59227032	60763134	1.99515e-11
2	2-59227035	60763137	2.94017e-11
2	2-59227073	60763175	3.91153e-10
2	2-59227121	60763223	3.49218e-12
2	2-59227129	60763231	2.64832e-06
2	2-59235984	60772084	2.29354e-08
2	2-59236064	60772164	9.29527e-08
2	2-59236084	60772184	9.29527e-08
2	2-59242151	60778251	1.79282e-07
2	2-59242153	60778253	1.79282e-07
2	2-59242186	60778286	8.5548e-07
2	2-59263287	60795738	1.28847e-09
2	2-59264006	60796456	1.44393e-07
2	2-59270823	60803273	2.2063e-07
2	2-59270953	60803403	1.48821e-06
2	2-59276616	60809215	2.74448e-07
2	2-59278879	60811478	1.00545e-06
2	2-59279014	60811613	1.15456e-10
2	2-59286219	60819354	5.03258e-11
2	2-59286246	60819381	7.02705e-07
2	2-59296900	60830685	3.87468e-08
2	2-59308331	60842116	4.81369e-08
2	2-59310450	60844235	2.08883e-09
2	2-59311367	60845152	1.07891e-06
2	2-59316425	60850210	1.77267e-06
2	2-59323203	60856988	1.52067e-06
2	2-59343638	60874097	1.26386e-09
2	2-59343639	60874098	1.26386e-09
2	2-59347766	60878225	1.784e-06
2	2-59349586	60880043	2.58697e-06
2	2-59356996	60887452	2.44871e-09
2	2-59357840	60888295	3.57624e-12
2	2-59357853	60888308	1.24523e-11
2	2-59357875	60888330	7.39362e-12
2	2-59357876	60888331	3.31333e-12
2	2-59357909	60888364	2.81878e-10
2	2-59357913	60888368	4.32949e-12
2	2-59357922	60888377	4.63477e-10
2	2-59357931	60888386	3.16732e-12
2	2-59357949	60888404	3.16732e-12
2	2-59357963	60888418	3.97934e-10
2	2-59358017	60888472	2.18704e-10
2	2-59358019	60888474	2.18704e-10
2	2-59364031	60895940	1.27223e-08
2	2-59366717	60898625	6.17643e-11
2	2-59366733	60898641	7.54144e-12
2	2-59366745	60898653	7.39971e-12
2	2-59366751	60898659	1.11943e-11
2	2-59366753	60898661	1.11943e-11
2	2-59366772	60898680	1.20135e-11
2	2-59366779	60898687	7.80952e-09
2	2-59366804	60898712	4.51152e-12
2	2-59366805	60898713	1.02951e-10
2	2-59366815	60898723	2.30303e-12
2	2-59366817	60898725	1.02951e-10
2	2-59366819	60898727	2.62323e-12
2	2-59366838	60898746	2.74279e-12
2	2-59366854	60898762	2.87524e-12
2	2-59366873	60898781	1.58311e-10
2	2-59366961	60898869	1.26006e-10
2	2-59366965	60898873	1.56242e-10
2	2-59366975	60898883	4.09813e-10
2	2-59366985	60898893	1.25335e-10
2	2-59367021	60898929	1.52347e-09
2	2-59367029	60898937	4.74625e-10
2	2-59367032	60898940	4.74625e-10
2	2-59367069	60898977	4.47473e-10
2	2-59367112	60899020	5.04966e-08
2	2-59367124	60899032	5.78073e-07
2	2-59367127	60899035	1.44935e-07
2	2-59367141	60899049	2.06138e-06
2	2-59367142	60899050	4.25432e-07
2	2-59367147	60899055	6.96303e-09
2	2-59367174	60899082	3.04122e-11
2	2-59367205	60899113	2.57889e-08
2	2-59367297	60899205	2.91153e-09
2	2-59367327	60899235	1.04327e-09
2	2-59367372	60899280	6.70632e-09
2	2-59367388	60899296	1.84819e-10
2	2-59367392	60899300	2.61203e-12
2	2-59367397	60899305	1.84595e-07
2	2-59367398	60899306	6.14025e-12
2	2-59367401	60899309	6.14025e-12
2	2-59367405	60899313	5.74522e-10
2	2-59367409	60899317	5.41525e-10
2	2-59367413	60899321	5.92168e-10
2	2-59367441	60899349	3.24925e-10
2	2-59367481	60899389	2.25278e-10
2	2-59367489	60899397	5.59808e-10
2	2-59367497	60899405	3.54427e-11
2	2-59367520	60899428	4.53904e-07
2	2-59367581	60899489	5.41202e-10
2	2-59367590	60899498	9.8641e-12
2	2-59367598	60899506	1.00182e-11
2	2-59367615	60899523	3.40391e-10
2	2-59367628	60899536	2.78455e-10
2	2-59367639	60899547	3.71224e-11
2	2-59367649	60899557	2.31334e-11
2	2-59367680	60899588	5.26829e-10
2	2-59367681	60899589	1.55537e-11
2	2-59367684	60899592	6.63311e-11
2	2-59367742	60899650	1.35438e-11
2	2-59367744	60899652	7.17459e-12
2	2-59367783	60899691	2.72433e-11
2	2-59367795	60899703	2.26918e-10
2	2-59367801	60899709	1.95698e-10
2	2-59367812	60899720	3.76209e-12
2	2-59367833	60899741	1.88913e-10
2	2-59367876	60899784	2.53573e-12
2	2-59367908	60899816	1.97377e-10
2	2-59367909	60899817	1.97377e-10
2	2-59367916	60899824	8.13299e-11
2	2-59367930	60899838	2.94414e-11
2	2-59367932	60899840	4.44754e-11
2	2-59367933	60899841	1.11019e-10
2	2-59367938	60899846	6.45502e-11
2	2-59367950	60899858	1.81514e-11
2	2-59368007	60899915	6.43658e-12
2	2-59368022	60899930	1.23497e-11
2	2-59368036	60899944	7.03851e-12
2	2-59368049	60899957	1.65905e-10
2	2-59368062	60899970	3.81986e-10
2	2-59368063	60899971	3.40554e-10
2	2-59368064	60899972	3.40554e-10
2	2-59368093	60900001	1.08492e-09
2	2-59368104	60900012	3.47041e-11
2	2-59368153	60900061	1.18736e-09
2	2-59368158	60900066	5.70165e-10
2	2-59368164	60900072	4.31623e-10
2	2-59368188	60900096	1.00833e-10
2	2-59368204	60900112	1.03693e-11
2	2-59368206	60900114	8.97855e-11
2	2-59368231	60900139	3.07592e-11
2	2-59368252	60900160	4.17962e-11
2	2-59368265	60900173	6.40523e-12
2	2-59368274	60900182	8.92512e-12
2	2-59368281	60900189	3.12774e-10
2	2-59368309	60900217	5.37048e-12
2	2-59368322	60900230	2.37261e-10
2	2-59368332	60900240	6.91855e-12
2	2-59368333	60900241	2.0838e-10
2	2-59368352	60900260	5.21061e-10
2	2-59368393	60900301	2.43528e-10
2	2-59368453	60900361	4.16817e-10
2	2-59368490	60900398	6.54257e-12
2	2-59368522	60900430	4.48475e-10
2	2-59368525	60900433	2.45149e-11
2	2-59368535	60900443	6.27305e-11
2	2-59368562	60900470	2.76114e-10
2	2-59368585	60900493	3.38917e-10
2	2-59368590	60900498	2.20195e-10
2	2-59369025	60900933	4.44112e-09
2	2-59369465	60901373	5.73379e-09
2	2-59369496	60901404	3.36525e-10
2	2-59369509	60901417	2.02657e-10
2	2-59369514	60901422	2.27981e-10
2	2-59369530	60901438	5.39566e-07
2	2-59369531	60901439	2.72933e-10
2	2-59369533	60901441	2.72933e-10
2	2-59369537	60901445	4.49304e-12
2	2-59369562	60901470	3.04337e-12
2	2-59369596	60901504	1.85769e-10
2	2-59369598	60901506	1.67361e-06
2	2-59369599	60901507	9.37643e-12
2	2-59369637	60901545	1.54126e-11
2	2-59369645	60901553	1.35982e-10
2	2-59369653	60901561	1.92339e-10
2	2-59369751	60901659	2.02657e-10
2	2-59369762	60901670	1.04735e-12
2	2-59369804	60901712	1.31878e-12
2	2-59369904	60901812	8.48031e-07
2	2-59371804	60903712	1.24446e-06
2	2-59384066	60915974	4.62501e-10
2	2-59384074	60915982	7.25273e-12
2	2-59384111	60916019	2.14854e-09
2	2-59384117	60916025	3.98922e-09
2	2-59384118	60916026	8.85361e-10
2	2-59384166	60916074	5.50425e-09
2	2-59384170	60916078	1.2659e-08
2	2-59384184	60916092	1.57042e-09
2	2-59384201	60916109	8.09066e-12
2	2-59384203	60916111	4.52468e-12
2	2-59384255	60916163	3.05092e-12
2	2-59384358	60916266	2.27981e-10
2	2-59384397	60916305	5.19794e-12
2	2-59384511	60916419	2.9627e-10
2	2-59384634	60916542	1.86969e-10
2	2-59384661	60916569	1.14377e-06
2	2-59384663	60916571	4.42101e-12
2	2-59384665	60916573	4.42101e-12
2	2-59384671	60916579	4.06829e-12
2	2-59384676	60916584	3.33649e-13
2	2-59384680	60916588	6.62518e-13
2	2-59384732	60916640	5.91421e-13
2	2-59384741	60916649	1.37588e-12
2	2-59384742	60916650	1.3757e-07
2	2-59384823	60916731	2.67499e-13
2	2-59384826	60916734	7.14687e-13
2	2-59384827	60916735	4.8781e-13
2	2-59384862	60916770	8.01758e-12
2	2-59384902	60916810	2.24248e-12
2	2-59384941	60916849	1.81487e-12
2	2-59385017	60916925	9.2158e-08
2	2-59385018	60916926	4.79257e-09
2	2-59385070	60916978	1.1264e-10
2	2-59385089	60916997	1.19659e-11
2	2-59385103	60917011	2.12136e-10
2	2-59385155	60917063	5.74362e-12
2	2-59385211	60917119	1.59818e-10
2	2-59385212	60917120	3.19992e-10
2	2-59385303	60917211	2.42446e-10
2	2-59385335	60917243	2.91504e-12
2	2-59385408	60917316	2.83426e-12
2	2-59385498	60917406	2.73382e-10
2	2-59385531	60917439	2.93523e-11
2	2-59385546	60917454	4.50829e-09
2	2-59385627	60917535	1.21631e-09
2	2-59385640	60917548	6.49617e-11
2	2-59385780	60917688	3.40198e-12
2	2-59385784	60917692	3.31565e-10
2	2-59385803	60917711	6.99871e-11
2	2-59385845	60917753	4.9786e-11
2	2-59385971	60917879	1.55785e-09
2	2-59385996	60917904	9.44343e-09
2	2-59386051	60917959	4.70265e-08
2	2-59386092	60918000	7.7227e-10
2	2-59386415	60918323	9.02675e-12
2	2-59386437	60918345	3.52305e-13
2	2-59386632	60918540	2.74731e-10
2	2-59386648	60918556	2.15876e-10
2	2-59386790	60918698	7.26978e-12
2	2-59386994	60918902	2.2026e-12
2	2-59387088	60918996	2.60388e-11
2	2-59387181	60919089	1.10417e-11
2	2-59387209	60919117	7.35961e-11
2	2-59387361	60919269	1.35727e-08
2	2-59387409	60919317	2.93836e-10
2	2-59387429	60919337	1.82547e-11
2	2-59387444	60919352	2.29079e-11
2	2-59387479	60919387	5.74554e-11
2	2-59387510	60919418	5.59211e-11
2	2-59387606	60919514	9.00894e-10
2	2-59387657	60919565	2.10435e-10
2	2-59387713	60919621	2.1956e-07
2	2-59387738	60919646	1.33679e-11
2	2-59387789	60919697	5.49087e-10
2	2-59387795	60919703	2.48833e-09
2	2-59387799	60919707	9.05654e-11
2	2-59387812	60919720	3.87329e-12
2	2-59387816	60919724	1.96612e-10
2	2-59387818	60919726	6.69892e-09
2	2-59387898	60919806	1.22953e-10
2	2-59387912	60919820	2.6109e-08
2	2-59387931	60919839	4.09937e-10
2	2-59387936	60919844	2.05696e-09
2	2-59387939	60919847	2.12315e-09
2	2-59387949	60919857	7.11983e-11
2	2-59388010	60919918	6.74095e-10
2	2-59388013	60919921	1.30298e-10
2	2-59388016	60919924	1.2045e-10
2	2-59388260	60920168	1.9837e-12
2	2-59388279	60920187	1.80659e-10
2	2-59388304	60920212	1.48783e-08
2	2-59388320	60920228	8.82561e-10
2	2-59388352	60920260	4.55578e-10
2	2-59388355	60920263	1.30543e-08
2	2-59388421	60920329	2.42829e-09
2	2-59388427	60920335	1.70477e-10
2	2-59388645	60920553	3.27534e-08
2	2-59388668	60920576	3.47194e-09
2	2-59388680	60920588	3.33422e-10
2	2-59388694	60920602	6.41338e-10
2	2-59388696	60920604	7.20437e-10
2	2-59388846	60920754	7.26999e-11
2	2-59388932	60920840	5.48427e-09
2	2-59388937	60920845	1.00035e-10
2	2-59388951	60920859	1.2165e-11
2	2-59388965	60920873	1.3292e-11
2	2-59388966	60920874	8.00696e-09
2	2-59388972	60920880	2.72633e-11
2	2-59388981	60920889	2.55171e-11
2	2-59388984	60920892	1.6022e-12
2	2-59389011	60920919	8.24645e-08
2	2-59389013	60920921	1.20212e-12
2	2-59389026	60920934	1.31489e-11
2	2-59389029	60920937	2.88532e-12
2	2-59389057	60920965	9.20105e-10
2	2-59389078	60920986	3.06409e-08
2	2-59389084	60920992	2.53199e-06
2	2-59389090	60920998	2.99326e-09
2	2-59389105	60921013	5.22213e-11
2	2-59389118	60921026	2.31646e-06
2	2-59389121	60921029	9.96623e-08
2	2-59389123	60921031	1.68279e-07
2	2-59389129	60921037	1.02353e-10
2	2-59389141	60921049	1.6586e-09
2	2-59389157	60921065	2.23286e-09
2	2-59389187	60921095	2.84945e-10
2	2-59389213	60921121	7.49098e-12
2	2-59389215	60921123	5.21917e-10
2	2-59389259	60921167	1.3437e-09
2	2-59389264	60921172	3.99892e-11
2	2-59389275	60921183	3.99892e-11
2	2-59389288	60921196	1.3575e-08
2	2-59389293	60921201	2.82249e-11
2	2-59389330	60921238	5.83973e-09
2	2-59389457	60921365	3.2037e-07
2	2-59389460	60921368	1.33136e-06
2	2-59389534	60921442	2.84255e-07
2	2-59389547	60921455	2.17554e-08
2	2-59389548	60921456	1.07358e-08
2	2-59389551	60921459	8.95656e-08
2	2-59389583	60921491	5.05216e-11
2	2-59389625	60921533	6.55106e-10
2	2-59389644	60921552	1.28582e-10
2	2-59389710	60921618	6.67032e-12
2	2-59389711	60921619	7.99034e-12
2	2-59389839	60921747	9.45688e-09
2	2-59389885	60921793	3.79425e-09
2	2-59389892	60921800	1.95487e-10
2	2-59389900	60921808	2.85132e-10
2	2-59390091	60921999	9.1413e-11
2	2-59394442	60926350	6.35014e-07
2	2-59407026	60938934	1.59388e-07
2	2-59414614	60946521	8.82599e-07
2	2-59427494	60959404	1.48451e-07
2	2-59442789	60974761	2.9136e-10
2	2-59456123	60988093	4.58932e-08
2	2-59479068	61024766	7.05454e-07
2	2-59517946	61049078	7.70989e-07
2	2-59523947	61055079	1.27129e-07
2	2-59570250	61102300	1.60261e-06
2	2-59570276	61102326	5.79758e-08
2	2-59575588	61107635	2.24519e-07
2	2-59590423	61122467	5.93862e-07
2	2-59596251	61128294	3.39983e-07
2	2-59597639	61129682	1.1856e-07
2	2-59609518	61147883	9.47581e-08
2	2-59661261	61196970	2.67997e-07
2	2-59663326	61199035	8.79608e-07
2	2-59663797	61199506	9.50618e-08
2	2-59669104	61204813	2.15423e-06
2	2-59816232	61361470	2.20251e-06
2	2-59839448	61379453	9.16324e-08
2	2-59860057	61400061	2.0034e-06
2	2-59883613	61423614	1.91985e-07
2	2-60004251	61549323	2.86521e-06
2	2-60018304	61563237	7.58972e-07
2	2-60026051	61570982	1.46272e-06
2	2-60069719	61614761	7.58972e-07
2	2-60218432	61764978	1.02234e-06
2	2-60265661	61803102	7.58972e-07
2	2-60303614	61854906	8.01056e-07
2	2-60311671	61862962	1.86267e-06
2	2-60327642	61878093	1.08252e-06
2	2-60327656	61878107	1.14141e-06
2	2-60343200	61893648	1.39921e-06
2	2-60343628	61894076	7.91367e-07
2	2-60345195	61895643	1.01758e-06
2	2-60345202	61895650	3.58157e-07
2	2-60346664	61897112	2.13055e-06
2	2-60346678	61897126	2.89244e-07
2	2-60346683	61897131	1.95496e-06
2	2-60346782	61897230	7.22006e-07
2	2-60346957	61897405	7.58972e-07
2	2-60411471	61903265	7.65724e-07
2	2-60355361	61908491	6.46908e-07
2	2-60355900	61909030	9.08778e-07
2	2-60356366	61909496	9.61102e-07
2	2-60357139	61910269	1.59696e-06
2	2-60357144	61910274	1.59696e-06
2	2-60358049	61911179	7.58972e-07
2	2-60362830	61915960	7.58972e-07
2	2-60372181	61925309	7.58972e-07
2	2-60381502	61934628	7.58972e-07
2	2-60384790	61937916	2.7058e-06
2	2-60384873	61937999	7.58972e-07
2	2-60397563	61950684	7.58972e-07
2	2-60398631	61951752	9.90487e-07
2	2-60398792	61951913	7.58972e-07
2	2-60398939	61952060	7.58972e-07
2	2-60399491	61952612	6.05523e-08
2	2-60400153	61953274	1.30737e-06
2	2-60400941	61954062	5.94674e-07
2	2-60401308	61954429	6.99698e-07
2	2-60401380	61954501	7.58972e-07
2	2-60401537	61954658	7.58972e-07
2	2-60401709	61954830	3.88792e-08
2	2-60401766	61954887	7.58972e-07
2	2-60402304	61955425	7.58972e-07
2	2-60402858	61955979	6.03312e-07
2	2-60403031	61956152	8.0472e-07
2	2-60403249	61956370	1.68623e-06
2	2-60403736	61956857	7.58972e-07
2	2-60409428	61962546	7.58972e-07
2	2-60409546	61962667	7.58972e-07
2	2-60410112	61963234	1.56929e-06
2	2-60410263	61963385	7.58972e-07
2	2-60458858	61967362	7.58972e-07
2	2-60457799	61968421	7.58972e-07
2	2-60457202	61969018	7.58972e-07
2	2-60456759	61969461	6.0975e-07
2	2-60456467	61969753	7.58972e-07
2	2-60425359	61984087	7.58972e-07
2	2-60425566	61984294	7.58972e-07
2	2-60425818	61984546	1.29457e-06
2	2-60428668	61987396	7.58972e-07
2	2-60429359	61988087	7.58972e-07
2	2-60430530	61989258	2.81764e-07
2	2-60432738	61991466	2.7927e-06
2	2-60432763	61991491	2.50664e-06
2	2-60432869	61991597	2.84894e-06
2	2-60433287	61992015	1.85677e-06
2	2-60433294	61992022	2.44238e-06
2	2-60433416	61992144	1.89216e-06
2	2-60433485	61992213	1.56525e-06
2	2-60433586	61992314	2.85345e-07
2	2-60433940	61992668	7.58972e-07
2	2-60434071	61992799	7.58972e-07
2	2-60434118	61992846	7.52088e-07
2	2-60434807	61993535	7.58972e-07
2	2-60434926	61993654	7.58972e-07
2	2-60436027	61994755	7.58972e-07
2	2-60438876	62025619	7.58972e-07
2	2-60438891	62025634	7.58972e-07
2	2-60439587	62026941	7.58972e-07
2	2-60439706	62027060	7.58972e-07
2	2-60439786	62027140	7.58972e-07
2	2-60440823	62028179	8.32221e-07
2	2-60441663	62029019	7.58972e-07
2	2-60493809	62043406	1.59418e-07
2	2-60493928	62043525	7.58972e-07
2	2-60493934	62043531	7.58972e-07
2	2-60494401	62043998	7.58972e-07
2	2-60494443	62044040	7.58972e-07
2	2-60495359	62044956	7.58972e-07
2	2-60495853	62045450	7.58972e-07
2	2-60496859	62046456	7.53602e-07
2	2-60497004	62046601	7.58972e-07
2	2-60497201	62046798	8.20611e-07
2	2-60497929	62047526	7.58972e-07
2	2-60498093	62047690	7.58972e-07
2	2-60498199	62047796	7.58972e-07
2	2-60498252	62047849	7.58972e-07
2	2-60499112	62048709	2.89324e-06
2	2-60500334	62049931	7.58972e-07
2	2-60500593	62050190	7.58972e-07
2	2-60500795	62050392	7.58972e-07
2	2-60500896	62050493	7.58972e-07
2	2-60500908	62050505	7.58972e-07
2	2-60501162	62050759	7.58972e-07
2	2-60501221	62050818	7.58972e-07
2	2-60501222	62050819	7.58972e-07
2	2-60501244	62050841	7.58972e-07
2	2-60501456	62051053	7.58972e-07
2	2-60501458	62051055	7.58972e-07
2	2-60503063	62052660	7.58972e-07
2	2-60503095	62052692	7.58972e-07
2	2-60503105	62052702	7.58972e-07
2	2-60551717	62099814	7.58972e-07
2	2-60551849	62099946	7.44203e-07
2	2-60552174	62100271	6.85369e-07
2	2-60553238	62101337	8.72785e-07
2	2-60554088	62102186	8.14787e-07
2	2-60554129	62102227	7.58972e-07
2	2-60554372	62102472	5.94674e-07
2	2-60555770	62103805	7.58972e-07
2	2-60555928	62103963	1.37904e-06
2	2-60556580	62104615	5.54724e-08
2	2-60556691	62104726	1.40068e-06
2	2-60557044	62105078	7.58972e-07
2	2-60558121	62106155	7.58972e-07
2	2-60558874	62106908	7.58972e-07
2	2-60558994	62107028	2.42467e-06
2	2-60558995	62107029	7.58972e-07
2	2-60559004	62107038	2.62319e-06
2	2-60560693	62108726	7.58972e-07
2	2-60561362	62109395	2.03696e-06
2	2-60561457	62109490	7.58972e-07
2	2-60561526	62109559	7.58972e-07
2	2-60561718	62109751	7.58972e-07
2	2-60563609	62111642	3.43825e-08
2	2-60563829	62111862	7.58972e-07
2	2-60563900	62111933	1.01188e-07
2	2-60564491	62112524	7.58972e-07
2	2-60565049	62113082	7.58972e-07
2	2-60565646	62113679	7.31708e-07
2	2-60566465	62114498	7.58972e-07
2	2-60566805	62114838	1.69304e-07
2	2-60567660	62115693	7.58972e-07
2	2-60567908	62115941	7.58972e-07
2	2-60567959	62115992	7.58972e-07
2	2-60568143	62116176	7.58972e-07
2	2-60568393	62116426	2.02213e-06
2	2-60568836	62116869	7.58972e-07
2	2-60569471	62117504	1.3991e-06
2	2-60570508	62118541	2.85345e-07
2	2-60571523	62119556	7.58972e-07
2	2-60572602	62120635	2.85345e-07
2	2-60572776	62120809	7.58972e-07
2	2-60573026	62121059	7.58972e-07
2	2-60573657	62121690	1.40153e-06
2	2-60575308	62123341	2.21873e-06
2	2-60575425	62123458	1.67156e-06
2	2-60576717	62124750	7.58972e-07
2	2-60576767	62124800	7.58972e-07
2	2-60576778	62124811	1.58956e-06
2	2-60576785	62124818	1.37947e-06
2	2-60576903	62124936	2.78383e-06
2	2-60577058	62125091	1.93992e-06
2	2-60577172	62125205	7.58972e-07
2	2-60577209	62125242	2.18378e-06
2	2-60577389	62125422	7.58972e-07
2	2-60577496	62125529	2.57149e-06
2	2-60577645	62125678	7.58972e-07
2	2-60577742	62125775	7.31708e-07
2	2-60577893	62125926	1.64097e-06
2	2-60577981	62126014	2.02213e-06
2	2-60577986	62126019	1.75014e-06
2	2-60578193	62126226	1.45499e-06
2	2-60578199	62126232	1.93428e-06
2	2-60578225	62126258	6.17293e-07
2	2-60578402	62126435	6.17293e-07
2	2-60578421	62126454	9.68455e-07
2	2-60578474	62126507	2.39102e-06
2	2-60578932	62126965	7.58972e-07
2	2-60579811	62127844	1.49624e-06
2	2-60580035	62128068	1.38136e-06
2	2-60580049	62128082	7.91268e-07
2	2-60580063	62128096	2.82758e-06
2	2-60580314	62128347	2.02213e-06
2	2-60580650	62128683	7.58972e-07
2	2-60580836	62128869	2.11381e-06
2	2-60580847	62128880	2.02213e-06
2	2-60580916	62128949	2.31563e-07
2	2-60581006	62129039	1.29501e-06
2	2-60581152	62129185	2.81387e-06
2	2-60581819	62129852	7.58972e-07
2	2-60582075	62130108	1.98468e-06
2	2-60582094	62130127	1.42295e-06
2	2-60582434	62130467	2.076e-06
2	2-60582518	62130551	1.80097e-06
2	2-60582561	62130594	2.79039e-06
2	2-60582605	62130638	1.60516e-06
2	2-60583314	62131347	1.17175e-06
2	2-60583365	62131398	2.03867e-06
2	2-60583593	62131626	7.58972e-07
2	2-60583851	62131884	7.58972e-07
2	2-60583916	62131949	2.3941e-06
2	2-60583918	62131951	2.3941e-06
2	2-60584146	62132179	1.54932e-06
2	2-60584195	62132228	2.23265e-06
2	2-60584421	62132454	1.73897e-06
2	2-60585358	62133391	8.19031e-07
2	2-60585486	62133519	1.77603e-06
2	2-60585572	62133605	7.30605e-07
2	2-60585722	62133755	6.17293e-07
2	2-60585830	62133863	7.58972e-07
2	2-60586841	62134887	2.48198e-06
2	2-60588839	62136885	5.29281e-07
2	2-60589132	62137178	7.28667e-07
2	2-60589312	62137357	7.58972e-07
2	2-60589854	62137899	7.58972e-07
2	2-60590097	62138142	7.58972e-07
2	2-60590175	62138220	2.85345e-07
2	2-60590526	62138571	7.58972e-07
2	2-60591907	62139952	5.94674e-07
2	2-60593025	62141070	1.4579e-07
2	2-60593603	62141648	8.77898e-07
2	2-60593764	62141809	2.58596e-06
2	2-60593778	62141823	1.61988e-06
2	2-60593951	62141996	2.02213e-06
2	2-60594620	62142665	1.20252e-06
2	2-60596049	62144094	7.58972e-07
2	2-60596481	62144526	7.58972e-07
2	2-60596874	62144919	7.58972e-07
2	2-60597137	62145182	1.07103e-06
2	2-60597253	62145298	7.58972e-07
2	2-60597419	62145464	2.85345e-07
2	2-60598008	62146053	7.58972e-07
2	2-60598685	62146730	5.73581e-07
2	2-60598794	62146839	7.58972e-07
2	2-60598978	62147023	1.69304e-07
2	2-60599877	62147922	2.03315e-06
2	2-60599941	62147986	2.92775e-08
2	2-60600546	62148591	2.45561e-06
2	2-60600551	62148596	1.08294e-06
2	2-60600623	62148668	7.58972e-07
2	2-60600869	62148914	7.58972e-07
2	2-60600960	62149005	2.62435e-07
2	2-60601452	62149497	7.27846e-07
2	2-60602527	62150572	7.58972e-07
2	2-60602565	62150610	7.58972e-07
2	2-60602584	62150629	7.58972e-07
2	2-60602821	62150760	2.90132e-06
2	2-60602938	62150877	7.58972e-07
2	2-60603417	62151356	7.58972e-07
2	2-60603421	62151360	7.58972e-07
2	2-60603422	62151361	7.58972e-07
2	2-60604686	62152625	7.58972e-07
2	2-60605130	62153069	7.31708e-07
2	2-60605376	62153315	7.58972e-07
2	2-60605735	62153674	9.91583e-07
2	2-60606104	62154043	2.20767e-06
2	2-60606280	62154219	1.48299e-06
2	2-60607425	62155362	8.49947e-07
2	2-60608757	62156693	7.58972e-07
2	2-60609725	62157661	7.58972e-07
2	2-60609937	62157873	7.58972e-07
2	2-60611306	62159242	1.29059e-06
2	2-60611672	62159608	7.58972e-07
2	2-60612381	62160317	2.5868e-06
2	2-60612772	62160708	7.58972e-07
2	2-60613747	62161683	7.58972e-07
2	2-60613828	62161764	9.13584e-07
2	2-60613839	62161775	7.58972e-07
2	2-60614128	62162064	7.58972e-07
2	2-60614167	62162103	7.58972e-07
2	2-60614405	62162341	7.58972e-07
2	2-60614449	62162385	7.58972e-07
2	2-60615257	62163193	7.58972e-07
2	2-60615384	62163320	1.79937e-06
2	2-60615514	62163450	7.58972e-07
2	2-60616115	62164051	7.58972e-07
2	2-60616882	62164818	8.81838e-07
2	2-60617644	62165580	1.16328e-06
2	2-60617756	62165692	2.99176e-07
2	2-60618753	62166689	1.98006e-06
2	2-60620617	62168552	7.58972e-07
2	2-60620685	62168620	7.58972e-07
2	2-60621746	62169681	7.58972e-07
2	2-60622248	62170183	7.58972e-07
2	2-60624158	62172091	1.05282e-06
2	2-60624523	62172456	7.58972e-07
2	2-60627949	62175882	8.35839e-07
2	2-60628316	62176249	7.58972e-07
2	2-60632091	62180023	6.98141e-07
2	2-60632355	62180287	5.35022e-07
2	2-60634501	62182431	6.09696e-07
2	2-60634978	62182908	6.78792e-07
2	2-60636025	62183953	8.75829e-07
2	2-60637435	62185363	2.92967e-06
2	2-60637979	62185907	5.66122e-07
2	2-60638771	62186698	1.60733e-06
2	2-60639033	62186960	7.09393e-07
2	2-60639128	62187055	2.59159e-06
2	2-60639417	62187344	1.77428e-06
2	2-60640028	62187955	1.26434e-06
2	2-60640122	62188049	2.90277e-06
2	2-60640239	62188166	2.85345e-07
2	2-60640266	62188193	2.85345e-07
2	2-60640806	62188733	1.24407e-06
2	2-60641001	62188928	2.00321e-06
2	2-60642737	62190664	7.58972e-07
2	2-60642880	62190807	8.94391e-07
2	2-60643084	62191009	7.58972e-07
2	2-60643097	62191022	2.29181e-06
2	2-60643623	62191537	2.31228e-07
2	2-60644337	62192251	2.85345e-07
2	2-60644569	62192483	2.35536e-06
2	2-60650006	62206356	1.43457e-06
2	2-60656074	62210293	1.1881e-06
2	2-60656898	62211117	8.42895e-07
2	2-60670160	62224370	1.87459e-06
2	2-60671448	62225658	2.71361e-06
2	2-60671656	62225866	3.15789e-07
2	2-60672292	62226502	2.21011e-06
2	2-60672340	62226550	6.37446e-07
2	2-60672341	62226551	6.23885e-07
2	2-60672355	62226565	2.14117e-06
2	2-60672388	62226598	7.58972e-07
2	2-60672575	62226785	8.66488e-07
2	2-60672591	62226801	1.20153e-06
2	2-60672841	62227051	7.58972e-07
2	2-60673565	62227775	2.7324e-06
2	2-60674505	62228715	1.07103e-06
2	2-60675989	62230199	7.09001e-08
2	2-60684895	62239104	1.01613e-07
2	2-60696452	62250584	2.5034e-06
2	2-60697339	62251471	1.66123e-06
2	2-60697640	62251772	7.58972e-07
2	2-60698808	62252937	7.58972e-07
2	2-60698837	62252966	7.58972e-07
2	2-60698840	62252969	1.47938e-06
2	2-60698975	62253104	5.1629e-07
2	2-60698986	62253115	7.58972e-07
2	2-60699040	62253169	2.17693e-06
2	2-60699085	62253214	7.58972e-07
2	2-60699152	62253281	1.80334e-06
2	2-60699232	62253361	7.58972e-07
2	2-60699385	62253514	7.58972e-07
2	2-60699611	62253740	7.58972e-07
2	2-60699659	62253788	7.58972e-07
2	2-60699664	62253793	2.23335e-06
2	2-60699749	62253878	1.44097e-06
2	2-60699758	62253887	1.44097e-06
2	2-60699926	62254055	2.47686e-06
2	2-60700136	62254265	7.58972e-07
2	2-60701328	62255457	7.58972e-07
2	2-60701613	62255742	7.58972e-07
2	2-60701714	62255843	6.06e-07
2	2-60706738	62260867	1.46317e-06
2	2-60707734	62261863	1.32517e-06
2	2-60708026	62262155	8.07334e-07
2	2-60708043	62262172	2.76255e-06
2	2-61681274	62291278	1.39466e-06
2	2-61506734	62447620	2.09529e-06
2	2-61438089	62466348	1.11914e-06
2	2-61394299	62501468	5.1676e-07
2	2-61433353	62540508	2.93835e-07
2	2-61436776	62543931	1.25815e-06
2	2-61446504	62544778	1.06306e-06
2	2-61446666	62544940	1.33098e-06
2	2-61454438	62553188	2.2466e-06
2	2-61457739	62556488	3.91216e-07
2	2-61457886	62556635	6.29633e-07
2	2-61459259	62558008	4.39331e-07
2	2-61460125	62558874	1.19606e-06
2	2-61462008	62560756	1.41277e-06
2	2-61462213	62560961	7.01392e-07
2	2-61466659	62565404	2.11207e-06
2	2-61635036	62618404	1.93273e-06
2	2-73164439	74485972	1.89015e-06
2	2-73164726	74486259	1.08483e-06
2	2-73201035	74542360	1.69194e-06
2	2-73274275	74600336	2.18881e-06
2	2-73289446	74623056	2.28097e-06
2	2-73293864	74627470	2.47593e-06
